GENE	sumZ	numObs	normZ	pval_synth	rank_synth	fdr_synth	pval_supp	rank_supp	fdr_supp
PCNA	-26.60	5	-6.84	3.95e-12	1	3.19e-09	1	807	1
POLE	-24.40	5	-6.26	1.91e-10	2	7.72e-08	1	806	1
DNA2	-23.92	5	-6.14	4.25e-10	3	1.14e-07	1	805	1
PSMB2	-22.52	5	-5.77	4.05e-09	4	8.17e-07	1	804	1
RAD51	-20.46	5	-5.22	8.85e-08	5	1.43e-05	1	803	1
POLD2	-19.68	5	-5.02	2.6e-07	6	3.5e-05	1	802	1
POLD1	-18.69	5	-4.76	9.8e-07	7	0.00011	1	801	1
RPA1	-18.61	5	-4.74	1.09e-06	8	0.00011	1	800	1
RPA3	-18.44	5	-4.69	1.36e-06	9	0.000122	1	799	1
RFC3	-17.74	5	-4.51	3.3e-06	10	0.000266	1	798	1
RPS2	-16.41	5	-4.16	1.62e-05	11	0.00119	1	797	1
PPIL2	-15.30	5	-3.86	5.57e-05	12	0.00374	1	796	1
RFC5	-15.17	5	-3.83	6.4e-05	13	0.00398	1	795	1
POLD3	-14.49	5	-3.65	0.00013	14	0.00752	1	794	1
RPL11	-14.33	5	-3.61	0.000154	15	0.00829	1	793	1
POLA1	-14.01	5	-3.52	0.000212	16	0.0107	1	792	1
RPS13	-13.78	5	-3.47	0.000265	17	0.0118	1	791	1
NUP93	-13.74	5	-3.46	0.000275	18	0.0118	1	790	1
POLR2A	-13.73	5	-3.45	0.000278	19	0.0118	1	789	1
RRN3	-13.30	5	-3.34	0.000423	20	0.0171	1	788	1
PSMD7	-12.90	5	-3.23	0.000613	21	0.0234	0.999	787	1
RPA2	-12.86	5	-3.22	0.000638	22	0.0234	0.999	786	1
RPS19	-12.65	5	-3.17	0.000767	23	0.0269	0.999	785	1
RPL36	-12.55	5	-3.14	0.000841	24	0.0283	0.999	784	1
POLR2D	-12.31	5	-3.08	0.00105	25	0.0338	0.999	783	1
PSMD11	-12.25	5	-3.06	0.0011	26	0.0343	0.999	782	1
EMG1	-12.01	5	-3.00	0.00135	27	0.0405	0.999	781	1
COPZ1	-10.38	4	-2.89	0.00192	28	0.0549	0.998	780	1
COPA	-11.57	5	-2.88	0.00197	29	0.0549	0.998	779	1
RPL5	-11.47	5	-2.86	0.00214	30	0.0576	0.998	778	1
RFC1	-11.17	5	-2.78	0.00274	31	0.0713	0.997	777	1
RPL34	-11.08	5	-2.75	0.00295	32	0.0713	0.997	776	1
PSMC4	-11.07	5	-2.75	0.00296	33	0.0713	0.997	775	1
PSMB3	-11.06	5	-2.75	0.003	34	0.0713	0.997	774	1
DIMT1	-11.02	5	-2.74	0.0031	35	0.0714	0.997	773	1
PSMA3	-10.68	5	-2.65	0.00404	36	0.0906	0.996	772	1
PSMD6	-10.61	5	-2.63	0.00427	37	0.0932	0.996	771	1
RFC2	-10.31	5	-2.55	0.00539	38	0.114	0.995	770	1
COPS4	-10.24	5	-2.53	0.00565	39	0.117	0.994	769	1
DDB1	-10.18	5	-2.52	0.00594	40	0.12	0.994	768	1
FTSJ3	-9.78	5	-2.41	0.00795	41	0.157	0.992	767	1
RPL30	-9.57	5	-2.36	0.00924	42	0.178	0.991	766	1
RFC4	-9.43	5	-2.32	0.0102	43	0.188	0.99	765	1
NUP205	-9.41	5	-2.31	0.0103	44	0.188	0.99	764	1
RPS8	-9.39	5	-2.31	0.0105	45	0.188	0.99	763	1
RPL35A	-9.31	5	-2.29	0.0111	46	0.194	0.989	762	1
RPL18A	-8.96	5	-2.20	0.014	47	0.241	0.986	761	1
HNRNPL	-8.87	5	-2.17	0.0149	48	0.251	0.985	760	1
RPS27	-8.64	5	-2.11	0.0174	49	0.287	0.983	759	1
COPB1	-8.55	5	-2.09	0.0184	50	0.297	0.982	758	1
ARFRP1	-8.38	5	-2.04	0.0205	51	0.322	0.979	757	1
PSMC2	-8.36	5	-2.04	0.0208	52	0.322	0.979	756	1
USPL1	-8.27	5	-2.02	0.0219	53	0.334	0.978	755	1
POTEH	-7.67	5	-1.86	0.0318	54	0.475	0.968	754	1
RPL27	-7.52	5	-1.82	0.0346	55	0.508	0.965	753	1
RPL9	-7.46	5	-1.80	0.0359	56	0.516	0.964	752	1
DYNLRB1	-7.43	5	-1.79	0.0365	57	0.516	0.964	751	1
POLR2F	-7.20	5	-1.73	0.0415	58	0.578	0.958	750	1
COPS2	-7.05	5	-1.69	0.0452	59	0.618	0.955	749	1
RPS11	-6.98	5	-1.68	0.0469	60	0.631	0.953	748	1
RPS9	-6.79	5	-1.62	0.0521	61	0.69	0.948	747	1
HIST1H2BD	-6.19	5	-1.47	0.0711	62	0.751	0.929	746	1
NUP133	-6.05	5	-1.43	0.0765	63	0.751	0.923	745	1
RPS24	-5.94	5	-1.40	0.0806	64	0.751	0.919	744	0.997
DHX36	-5.84	5	-1.38	0.0845	65	0.751	0.915	743	0.994
TRIM49C	-5.52	5	-1.29	0.0987	66	0.751	0.901	742	0.98
VEZT	-5.40	5	-1.26	0.104	67	0.751	0.896	741	0.976
RPS3A	-5.30	5	-1.23	0.109	68	0.751	0.891	740	0.972
COPS6	-5.13	5	-1.19	0.118	69	0.751	0.882	739	0.964
NUP98	-5.07	5	-1.17	0.121	70	0.751	0.879	738	0.961
RPL6	-3.18	2	-1.16	0.123	71	0.751	0.877	737	0.96
RPL3	-4.85	5	-1.11	0.133	72	0.751	0.867	736	0.951
PSMC1	-4.78	5	-1.10	0.137	73	0.751	0.863	735	0.948
HIST1H2BH	-4.55	5	-1.04	0.15	74	0.751	0.85	734	0.934
COPS8	-4.28	5	-0.96	0.168	75	0.751	0.832	733	0.916
EEF1B2	-4.25	5	-0.96	0.169	76	0.751	0.831	732	0.916
FANCM	-4.07	5	-0.91	0.182	77	0.751	0.818	731	0.903
GTF3C2	-4.00	5	-0.89	0.187	78	0.751	0.813	730	0.899
RAD1	-3.92	5	-0.87	0.192	79	0.751	0.808	729	0.894
TOP3A	-3.31	5	-0.71	0.24	80	0.751	0.76	728	0.843
GSTA1	-3.19	5	-0.68	0.25	81	0.751	0.75	727	0.833
CEND1	-3.06	5	-0.64	0.261	82	0.751	0.739	726	0.822
ELP4	-2.66	5	-0.54	0.296	83	0.751	0.704	725	0.784
ZNF431	-2.52	5	-0.50	0.309	84	0.751	0.691	724	0.77
BLM	-2.38	5	-0.46	0.321	85	0.751	0.679	723	0.757
DIDO1	-2.34	5	-0.45	0.325	86	0.751	0.675	722	0.754
HIST4H4	-2.31	5	-0.45	0.328	87	0.751	0.672	721	0.752
ATP5L	-2.22	5	-0.42	0.337	88	0.751	0.663	720	0.743
PSMD1	-0.93	1	-0.38	0.351	89	0.751	0.649	719	0.728
PILRA	-2.06	5	-0.38	0.353	90	0.751	0.647	718	0.728
ETNK1	-2.03	5	-0.37	0.355	91	0.751	0.645	717	0.726
NUP54	-1.27	2	-0.36	0.358	92	0.751	0.642	716	0.724
KCNK17	-1.98	5	-0.36	0.36	93	0.751	0.64	715	0.723
PCYT1A	-1.93	5	-0.35	0.365	94	0.751	0.635	714	0.718
TFG	-1.93	5	-0.35	0.365	95	0.751	0.635	713	0.718
EXO1	-1.85	5	-0.32	0.373	96	0.751	0.627	712	0.711
ERCC4	-1.81	5	-0.31	0.377	97	0.751	0.623	711	0.707
BCL6	-1.74	5	-0.30	0.384	98	0.751	0.616	710	0.7
ZNF736	-1.71	5	-0.29	0.387	99	0.751	0.613	709	0.697
RPS7	-1.69	5	-0.28	0.389	100	0.751	0.611	708	0.697
HIST3H2BB	-1.68	5	-0.28	0.39	101	0.751	0.61	707	0.696
FAHD2B	-1.51	5	-0.24	0.407	102	0.751	0.593	706	0.678
SLC39A5	-1.51	5	-0.24	0.407	103	0.751	0.593	705	0.678
USP18	-1.47	5	-0.22	0.411	104	0.751	0.589	704	0.675
MLXIPL	-1.44	5	-0.22	0.415	105	0.751	0.585	703	0.672
DNTTIP1	-1.42	5	-0.21	0.416	106	0.751	0.584	702	0.671
ERCC1	-1.27	5	-0.17	0.432	107	0.751	0.568	701	0.654
NT5C3B	-1.25	5	-0.17	0.434	108	0.751	0.566	700	0.653
COL2A1	-1.23	5	-0.16	0.436	109	0.751	0.564	699	0.652
HOXD10	-1.18	5	-0.15	0.441	110	0.751	0.559	698	0.646
RAPH1	-1.14	5	-0.14	0.446	111	0.751	0.554	697	0.642
EYS	-1.13	5	-0.14	0.446	112	0.751	0.554	696	0.642
DFNB59	-1.09	5	-0.12	0.451	113	0.751	0.549	695	0.638
C1QL4	-1.09	5	-0.12	0.451	114	0.751	0.549	694	0.638
LYZL1	-1.01	5	-0.10	0.459	115	0.751	0.541	693	0.63
SSR2	-1.00	5	-0.10	0.46	116	0.751	0.54	692	0.629
MADD	-0.97	5	-0.09	0.463	117	0.751	0.537	691	0.627
MAP1LC3B2	-0.96	5	-0.09	0.464	118	0.751	0.536	690	0.627
IFT27	-0.93	5	-0.08	0.467	119	0.751	0.533	689	0.624
XPA	-0.93	5	-0.08	0.467	120	0.751	0.533	688	0.624
DPY19L2	-0.92	5	-0.08	0.469	121	0.751	0.531	687	0.624
HIST1H2AE	-0.83	5	-0.06	0.478	122	0.751	0.522	686	0.615
INVS	-0.80	5	-0.05	0.481	123	0.751	0.519	685	0.611
APITD1	-0.79	5	-0.05	0.482	124	0.751	0.518	684	0.611
PRRC2A	-0.79	5	-0.05	0.482	125	0.751	0.518	683	0.611
TESK1	-0.79	5	-0.04	0.482	126	0.751	0.518	682	0.611
GJC3	-0.77	5	-0.04	0.484	127	0.751	0.516	681	0.611
CEP78	-0.75	5	-0.04	0.486	128	0.751	0.514	680	0.61
MAD2L1BP	-0.75	5	-0.03	0.487	129	0.751	0.513	679	0.61
OR8S1	-0.73	5	-0.03	0.488	130	0.751	0.512	678	0.609
chr1_5	-0.32	1	-0.03	0.489	131	0.751	0.511	677	0.609
MUS81	-0.70	5	-0.02	0.492	132	0.751	0.508	676	0.607
DNAJB5	-0.64	5	-0.01	0.498	133	0.751	0.502	675	0.6
MSH4	-0.63	5	-0.00	0.499	134	0.751	0.501	674	0.6
VAV3	-0.62	5	-0.00	0.5	135	0.751	0.5	673	0.6
SORBS1	-0.62	5	0.00	0.5	136	0.751	0.5	672	0.6
PLCB2	-0.58	5	0.01	0.504	137	0.751	0.496	671	0.597
TMPRSS12	-0.58	5	0.01	0.504	138	0.751	0.496	670	0.597
KDM3A	-0.57	5	0.01	0.505	139	0.751	0.495	669	0.597
VWA5B1	-0.57	5	0.01	0.505	140	0.751	0.495	668	0.597
CEACAM20	-0.55	5	0.02	0.507	141	0.751	0.493	667	0.596
C17orf78	-0.55	5	0.02	0.508	142	0.751	0.492	666	0.596
FANCG	-0.54	5	0.02	0.508	143	0.751	0.492	665	0.596
MRPS26	-0.52	5	0.03	0.511	144	0.751	0.489	664	0.594
ROBO2	-0.51	5	0.03	0.511	145	0.751	0.489	663	0.594
HOXD13	-0.47	5	0.04	0.515	146	0.751	0.485	662	0.591
TRABD	-0.46	5	0.04	0.516	147	0.751	0.484	661	0.59
SDCCAG3	-0.46	5	0.04	0.516	148	0.751	0.484	660	0.59
MTERF1	-0.45	5	0.04	0.517	149	0.751	0.483	659	0.59
FABP1	-0.45	5	0.04	0.517	150	0.751	0.483	658	0.59
chr19_4	-0.20	1	0.05	0.518	151	0.751	0.482	657	0.59
NUMB	-0.44	5	0.05	0.519	152	0.751	0.481	656	0.59
USP20	-0.43	5	0.05	0.52	153	0.751	0.48	655	0.59
MSH6	-0.43	5	0.05	0.52	154	0.751	0.48	654	0.59
BMP10	-0.43	5	0.05	0.52	155	0.751	0.48	653	0.59
POLD4	-0.43	5	0.05	0.52	156	0.751	0.48	652	0.59
LCE6A	-0.42	5	0.05	0.52	157	0.751	0.48	651	0.59
chr21_8	-0.19	1	0.05	0.521	158	0.751	0.479	650	0.59
C21orf62	-0.41	5	0.05	0.522	159	0.751	0.478	649	0.59
chr14_7	-0.18	1	0.06	0.523	160	0.751	0.477	648	0.59
PLCL1	-0.40	5	0.06	0.523	161	0.751	0.477	647	0.59
chr2_1	-0.18	1	0.06	0.524	162	0.751	0.476	646	0.59
PCGF1	-0.39	5	0.06	0.524	163	0.751	0.476	645	0.59
chr17_11	-0.17	1	0.06	0.525	164	0.751	0.475	644	0.59
MSANTD4	-0.36	5	0.07	0.527	165	0.751	0.473	643	0.59
FBXO34	-0.36	5	0.07	0.528	166	0.751	0.472	642	0.59
OLFML3	-0.35	5	0.07	0.528	167	0.751	0.472	641	0.59
KANK3	-0.34	5	0.07	0.53	168	0.751	0.47	640	0.59
IHH	-0.33	5	0.08	0.531	169	0.751	0.469	639	0.59
chr19_2	-0.14	1	0.08	0.531	170	0.751	0.469	638	0.59
MANSC1	-0.32	5	0.08	0.531	171	0.751	0.469	637	0.59
CHGA	-0.32	5	0.08	0.532	172	0.751	0.468	636	0.59
chr14_10	-0.14	1	0.08	0.532	173	0.751	0.468	635	0.59
SLC16A13	-0.31	5	0.08	0.532	174	0.751	0.468	634	0.59
TMEM30A	-0.31	5	0.08	0.532	175	0.751	0.468	633	0.59
chr17_2	-0.14	1	0.08	0.533	176	0.751	0.467	632	0.59
CPLX2	-0.30	5	0.08	0.534	177	0.751	0.466	631	0.59
ST6GAL2	-0.30	5	0.09	0.534	178	0.751	0.466	630	0.59
chr15_5	-0.13	1	0.09	0.534	179	0.751	0.466	629	0.59
chr12_7	-0.13	1	0.09	0.534	180	0.751	0.466	628	0.59
GAGE12I	-0.28	5	0.09	0.535	181	0.751	0.465	627	0.59
PHC3	-0.28	5	0.09	0.535	182	0.751	0.465	626	0.59
ELN	-0.28	5	0.09	0.536	183	0.751	0.464	625	0.59
PABPC1L	-0.27	5	0.09	0.536	184	0.751	0.464	624	0.59
HYDIN	-0.27	5	0.09	0.536	185	0.751	0.464	623	0.59
INO80C	-0.27	5	0.09	0.536	186	0.751	0.464	622	0.59
chr6_4	-0.12	1	0.09	0.537	187	0.751	0.463	621	0.59
HLA-DOB	-0.26	5	0.09	0.538	188	0.751	0.462	620	0.59
RMI1	-0.22	5	0.10	0.542	189	0.751	0.458	619	0.59
chr6_7	-0.10	1	0.11	0.543	190	0.751	0.457	618	0.59
DNAH3	-0.19	5	0.11	0.545	191	0.751	0.455	617	0.59
chr11_6	-0.08	1	0.11	0.546	192	0.751	0.454	616	0.59
chr9_4	-0.08	1	0.12	0.546	193	0.751	0.454	615	0.59
ELK1	-0.17	5	0.12	0.547	194	0.751	0.453	614	0.59
MPP3	-0.17	5	0.12	0.547	195	0.751	0.453	613	0.59
GLT8D1	-0.17	5	0.12	0.547	196	0.751	0.453	612	0.59
ZCCHC10	-0.17	5	0.12	0.548	197	0.751	0.452	611	0.59
PEPD	-0.16	5	0.12	0.549	198	0.751	0.451	610	0.59
OGFOD1	-0.15	5	0.12	0.549	199	0.751	0.451	609	0.59
RNF43	-0.15	5	0.12	0.549	200	0.751	0.451	608	0.59
COL14A1	-0.15	5	0.12	0.549	201	0.751	0.451	607	0.59
SLC38A4	-0.15	5	0.12	0.55	202	0.751	0.45	606	0.59
CYB5D1	-0.14	5	0.13	0.55	203	0.751	0.45	605	0.59
STRN3	-0.14	5	0.13	0.55	204	0.751	0.45	604	0.59
chr16_9	-0.06	1	0.13	0.55	205	0.751	0.45	603	0.59
chr2_3	-0.06	1	0.13	0.551	206	0.751	0.449	602	0.59
PDF	-0.13	5	0.13	0.551	207	0.751	0.449	601	0.59
chr16_2	-0.05	1	0.13	0.552	208	0.751	0.448	600	0.59
KLK11	-0.12	5	0.13	0.553	209	0.751	0.447	599	0.59
MLH3	-0.12	5	0.13	0.553	210	0.751	0.447	598	0.59
UCN2	-0.11	5	0.13	0.553	211	0.751	0.447	597	0.59
TRHDE	-0.10	5	0.14	0.554	212	0.751	0.446	596	0.59
TNFSF9	-0.10	5	0.14	0.554	213	0.751	0.446	595	0.59
NEDD4	-0.09	5	0.14	0.555	214	0.751	0.445	594	0.59
CEACAM5	-0.09	5	0.14	0.555	215	0.751	0.445	593	0.59
PID1	-0.09	5	0.14	0.556	216	0.751	0.444	592	0.59
chr10_10	-0.04	1	0.14	0.556	217	0.751	0.444	591	0.59
NPAS2	-0.08	5	0.14	0.556	218	0.751	0.444	590	0.59
KRT23	-0.08	5	0.14	0.557	219	0.751	0.443	589	0.59
GUCY2C	-0.07	5	0.14	0.557	220	0.751	0.443	588	0.59
MFHAS1	-0.06	5	0.15	0.558	221	0.751	0.442	587	0.59
RHOG	-0.06	5	0.15	0.558	222	0.751	0.442	586	0.59
chr17_1	-0.02	1	0.15	0.559	223	0.751	0.441	585	0.59
FOXRED2	-0.04	5	0.15	0.56	224	0.751	0.44	584	0.59
ALKBH6	-0.04	5	0.15	0.561	225	0.751	0.439	583	0.59
chr7_4	-0.02	1	0.15	0.561	226	0.751	0.439	582	0.59
chr15_2	-0.02	1	0.15	0.561	227	0.751	0.439	581	0.59
CLDN7	-0.03	5	0.15	0.561	228	0.751	0.439	580	0.59
PMS2	-0.03	5	0.16	0.562	229	0.751	0.438	579	0.59
HS3ST4	-0.02	5	0.16	0.562	230	0.751	0.438	578	0.59
ATF6B	-0.02	5	0.16	0.562	231	0.751	0.438	577	0.59
ZNF485	-0.02	5	0.16	0.563	232	0.751	0.437	576	0.59
SMIM15	-0.01	5	0.16	0.563	233	0.751	0.437	575	0.59
ZNF200	-0.01	5	0.16	0.564	234	0.751	0.436	574	0.59
RPL22L1	0.00	5	0.16	0.565	235	0.751	0.435	573	0.59
GGA3	0.00	5	0.16	0.565	236	0.751	0.435	572	0.59
CYP4F8	0.00	5	0.16	0.565	237	0.751	0.435	571	0.59
OR2T33	0.01	5	0.17	0.566	238	0.751	0.434	570	0.59
chr15_11	0.00	1	0.17	0.566	239	0.751	0.434	569	0.59
HPN	0.01	5	0.17	0.566	240	0.751	0.434	568	0.59
CCDC106	0.02	5	0.17	0.567	241	0.751	0.433	567	0.59
LRFN2	0.03	5	0.17	0.568	242	0.751	0.432	566	0.59
C10orf82	0.04	5	0.17	0.569	243	0.751	0.431	565	0.59
MORN4	0.05	5	0.18	0.57	244	0.751	0.43	564	0.59
FEN1	0.05	5	0.18	0.57	245	0.751	0.43	563	0.59
chr8_8	0.03	1	0.18	0.571	246	0.751	0.429	562	0.59
MCRIP2	0.06	5	0.18	0.571	247	0.751	0.429	561	0.59
TFCP2L1	0.06	5	0.18	0.571	248	0.751	0.429	560	0.59
chr12_3	0.03	1	0.18	0.572	249	0.751	0.428	559	0.59
CCDC97	0.07	5	0.18	0.572	250	0.751	0.428	558	0.59
chr21_3	0.03	1	0.18	0.572	251	0.751	0.428	557	0.59
chr14_1	0.04	1	0.18	0.573	252	0.751	0.427	556	0.59
chr21_11	0.04	1	0.19	0.574	253	0.751	0.426	555	0.59
TMEM198	0.09	5	0.19	0.574	254	0.751	0.426	554	0.59
GCG	0.09	5	0.19	0.574	255	0.751	0.426	553	0.59
MDM2	0.09	5	0.19	0.574	256	0.751	0.426	552	0.59
chr6_6	0.04	1	0.19	0.575	257	0.751	0.425	551	0.59
NR0B2	0.10	5	0.19	0.575	258	0.751	0.425	550	0.59
NCK2	0.10	5	0.19	0.575	259	0.751	0.425	549	0.59
NME5	0.10	5	0.19	0.575	260	0.751	0.425	548	0.59
ZNF341	0.10	5	0.19	0.575	261	0.751	0.425	547	0.59
IGFLR1	0.11	5	0.19	0.576	262	0.751	0.424	546	0.59
AKAP2	0.11	5	0.19	0.576	263	0.751	0.424	545	0.59
chr1_2	0.05	1	0.19	0.576	264	0.751	0.424	544	0.59
chr16_3	0.05	1	0.19	0.577	265	0.751	0.423	543	0.59
PLAGL2	0.12	5	0.19	0.577	266	0.751	0.423	542	0.59
POLH	0.12	5	0.19	0.577	267	0.751	0.423	541	0.59
chr6_5	0.05	1	0.19	0.577	268	0.751	0.423	540	0.59
chr16_6	0.06	1	0.20	0.578	269	0.751	0.422	539	0.59
KIAA0825	0.13	5	0.20	0.578	270	0.751	0.422	538	0.59
DMRTC1B	0.13	5	0.20	0.579	271	0.751	0.421	537	0.59
chr7_6	0.06	1	0.20	0.579	272	0.751	0.421	536	0.59
CTSS	0.14	5	0.20	0.579	273	0.751	0.421	535	0.59
IQSEC3	0.14	5	0.20	0.579	274	0.751	0.421	534	0.59
chr15_10	0.06	1	0.20	0.579	275	0.751	0.421	533	0.59
chr15_8	0.07	1	0.20	0.58	276	0.751	0.42	532	0.59
chr12_6	0.07	1	0.20	0.581	277	0.751	0.419	531	0.59
chr15_6	0.07	1	0.20	0.581	278	0.751	0.419	530	0.59
chr7_2	0.07	1	0.20	0.581	279	0.751	0.419	529	0.59
CANT1	0.16	5	0.21	0.581	280	0.751	0.419	528	0.59
chr3_2	0.07	1	0.21	0.582	281	0.751	0.418	527	0.59
TMEM38B	0.17	5	0.21	0.582	282	0.751	0.418	526	0.59
MICB	0.18	5	0.21	0.583	283	0.751	0.417	525	0.59
ASCL2	0.18	5	0.21	0.583	284	0.751	0.417	524	0.59
chr10_3	0.08	1	0.21	0.584	285	0.751	0.416	523	0.59
chr13_2	0.09	1	0.21	0.585	286	0.751	0.415	522	0.59
NFKBID	0.19	5	0.21	0.585	287	0.751	0.415	521	0.59
chr12_8	0.09	1	0.21	0.585	288	0.751	0.415	520	0.59
chr14_3	0.09	1	0.22	0.586	289	0.751	0.414	519	0.59
chr1_4	0.09	1	0.22	0.586	290	0.751	0.414	518	0.59
SHANK1	0.20	5	0.22	0.586	291	0.751	0.414	517	0.59
ZSWIM3	0.20	5	0.22	0.586	292	0.751	0.414	516	0.59
chr2_2	0.09	1	0.22	0.586	293	0.751	0.414	515	0.59
KCNK5	0.22	5	0.22	0.588	294	0.751	0.412	514	0.59
CRISPLD2	0.22	5	0.22	0.588	295	0.751	0.412	513	0.59
FAM78A	0.22	5	0.22	0.588	296	0.751	0.412	512	0.59
chr10_6	0.10	1	0.22	0.588	297	0.751	0.412	511	0.59
chr8_2	0.10	1	0.22	0.588	298	0.751	0.412	510	0.59
chr14_8	0.10	1	0.22	0.588	299	0.751	0.412	509	0.59
ERCC6L2	0.23	5	0.22	0.588	300	0.751	0.412	508	0.59
BCL2L10	0.23	5	0.22	0.588	301	0.751	0.412	507	0.59
chr1_10	0.10	1	0.22	0.589	302	0.751	0.411	506	0.59
chr3_4	0.10	1	0.22	0.589	303	0.751	0.411	505	0.59
chr10_1	0.10	1	0.22	0.589	304	0.751	0.411	504	0.59
chr16_5	0.11	1	0.23	0.589	305	0.751	0.411	503	0.59
chr19_8	0.11	1	0.23	0.59	306	0.751	0.41	502	0.59
PCTP	0.24	5	0.23	0.59	307	0.751	0.41	501	0.59
MSH2	0.24	5	0.23	0.59	308	0.751	0.41	500	0.59
chr20_7	0.11	1	0.23	0.59	309	0.751	0.41	499	0.59
PRR11	0.24	5	0.23	0.59	310	0.751	0.41	498	0.59
LMNA	0.25	5	0.23	0.59	311	0.751	0.41	497	0.59
chr7_9	0.11	1	0.23	0.59	312	0.751	0.41	496	0.59
chr5_5	0.11	1	0.23	0.591	313	0.751	0.409	495	0.59
KRTAP12-4	0.25	5	0.23	0.591	314	0.751	0.409	494	0.59
chr18_1	0.12	1	0.23	0.591	315	0.751	0.409	493	0.59
chr16_8	0.12	1	0.23	0.592	316	0.751	0.408	492	0.59
EPN3	0.26	5	0.23	0.592	317	0.751	0.408	491	0.59
PMS1	0.27	5	0.23	0.592	318	0.751	0.408	490	0.59
chr7_10	0.12	1	0.23	0.592	319	0.751	0.408	489	0.59
chr13_3	0.12	1	0.23	0.593	320	0.751	0.407	488	0.59
GGA2	0.27	5	0.23	0.593	321	0.751	0.407	487	0.59
MRAP2	0.27	5	0.23	0.593	322	0.751	0.407	486	0.59
chr2_4	0.12	1	0.23	0.593	323	0.751	0.407	485	0.59
TNNT1	0.27	5	0.23	0.593	324	0.751	0.407	484	0.59
chr16_7	0.12	1	0.24	0.594	325	0.751	0.406	483	0.59
MLF1	0.28	5	0.24	0.594	326	0.751	0.406	482	0.59
CPT2	0.29	5	0.24	0.594	327	0.751	0.406	481	0.59
CNTNAP4	0.29	5	0.24	0.595	328	0.751	0.405	480	0.59
chr19_6	0.13	1	0.24	0.595	329	0.751	0.405	479	0.59
chr2_10	0.13	1	0.24	0.595	330	0.751	0.405	478	0.59
DXO	0.30	5	0.24	0.595	331	0.751	0.405	477	0.59
KIF20B	0.30	5	0.24	0.596	332	0.751	0.404	476	0.59
CEP68	0.30	5	0.24	0.596	333	0.751	0.404	475	0.59
ZNF665	0.31	5	0.24	0.596	334	0.751	0.404	474	0.59
STX16	0.31	5	0.24	0.596	335	0.751	0.404	473	0.59
NCOA1	0.31	5	0.25	0.597	336	0.751	0.403	472	0.59
CC2D2B	0.31	5	0.25	0.597	337	0.751	0.403	471	0.59
chrX_8	0.14	1	0.25	0.598	338	0.751	0.402	470	0.59
chr5_4	0.14	1	0.25	0.598	339	0.751	0.402	469	0.59
SNX30	0.33	5	0.25	0.598	340	0.751	0.402	468	0.59
chr13_6	0.15	1	0.25	0.599	341	0.751	0.401	467	0.59
chr1_11	0.15	1	0.25	0.599	342	0.751	0.401	466	0.59
chr2_8	0.15	1	0.25	0.6	343	0.751	0.4	465	0.59
chr14_11	0.15	1	0.25	0.6	344	0.751	0.4	464	0.59
C15orf40	0.34	5	0.25	0.6	345	0.751	0.4	463	0.59
BLCAP	0.35	5	0.26	0.601	346	0.751	0.399	462	0.59
chr13_5	0.16	1	0.26	0.601	347	0.751	0.399	461	0.59
chr1_1	0.16	1	0.26	0.601	348	0.751	0.399	460	0.59
chr2_9	0.16	1	0.26	0.601	349	0.751	0.399	459	0.59
SOCS7	0.36	5	0.26	0.601	350	0.751	0.399	458	0.59
LYPD5	0.36	5	0.26	0.602	351	0.751	0.398	457	0.59
chr4_1	0.16	1	0.26	0.602	352	0.751	0.398	456	0.59
chr21_5	0.16	1	0.26	0.602	353	0.751	0.398	455	0.59
chr8_5	0.16	1	0.26	0.602	354	0.751	0.398	454	0.59
chr10_2	0.16	1	0.26	0.602	355	0.751	0.398	453	0.59
LTN1	0.37	5	0.26	0.602	356	0.751	0.398	452	0.59
chr15_7	0.16	1	0.26	0.603	357	0.751	0.397	451	0.59
B3GALNT1	0.37	5	0.26	0.603	358	0.751	0.397	450	0.59
chr4_7	0.17	1	0.26	0.603	359	0.751	0.397	449	0.59
ROCK2	0.37	5	0.26	0.603	360	0.751	0.397	448	0.59
chr9_2	0.17	1	0.26	0.604	361	0.751	0.396	447	0.59
CEACAM3	0.38	5	0.26	0.604	362	0.751	0.396	446	0.59
chr15_1	0.17	1	0.26	0.604	363	0.751	0.396	445	0.59
RIMS4	0.38	5	0.26	0.604	364	0.751	0.396	444	0.59
GLYATL1	0.38	5	0.26	0.604	365	0.751	0.396	443	0.59
chr19_5	0.17	1	0.26	0.604	366	0.751	0.396	442	0.59
chr17_10	0.17	1	0.26	0.604	367	0.751	0.396	441	0.59
ERICH5	0.39	5	0.27	0.605	368	0.751	0.395	440	0.59
SLC25A22	0.39	5	0.27	0.605	369	0.751	0.395	439	0.59
chr9_3	0.18	1	0.27	0.606	370	0.751	0.394	438	0.59
chr12_5	0.18	1	0.27	0.606	371	0.751	0.394	437	0.59
chr7_1	0.18	1	0.27	0.606	372	0.751	0.394	436	0.59
ZFHX2	0.41	5	0.27	0.606	373	0.751	0.394	435	0.59
CAMK1D	0.41	5	0.27	0.607	374	0.751	0.393	434	0.59
GBP2	0.41	5	0.27	0.607	375	0.751	0.393	433	0.59
PNRC1	0.41	5	0.27	0.607	376	0.751	0.393	432	0.59
chr19_1	0.19	1	0.27	0.607	377	0.751	0.393	431	0.59
chr16_1	0.19	1	0.27	0.608	378	0.751	0.392	430	0.59
ARID3A	0.42	5	0.27	0.608	379	0.751	0.392	429	0.59
chr8_3	0.19	1	0.27	0.608	380	0.751	0.392	428	0.59
SLC13A2	0.42	5	0.27	0.608	381	0.751	0.392	427	0.59
MSH5	0.43	5	0.28	0.609	382	0.751	0.391	426	0.59
chr17_3	0.19	1	0.28	0.609	383	0.751	0.391	425	0.59
WIPF1	0.44	5	0.28	0.61	384	0.751	0.39	424	0.59
VNN2	0.44	5	0.28	0.61	385	0.751	0.39	423	0.59
ASPRV1	0.44	5	0.28	0.61	386	0.751	0.39	422	0.59
RBPJL	0.45	5	0.28	0.611	387	0.751	0.389	421	0.59
NCKIPSD	0.45	5	0.28	0.611	388	0.751	0.389	420	0.59
chr8_1	0.20	1	0.28	0.611	389	0.751	0.389	419	0.59
chr2_7	0.20	1	0.28	0.611	390	0.751	0.389	418	0.59
chr11_11	0.20	1	0.28	0.611	391	0.751	0.389	417	0.59
TBX10	0.46	5	0.28	0.611	392	0.751	0.389	416	0.59
SLC51B	0.46	5	0.28	0.612	393	0.751	0.388	415	0.59
chr16_10	0.20	1	0.28	0.612	394	0.751	0.388	414	0.59
chr4_4	0.20	1	0.28	0.612	395	0.751	0.388	413	0.59
chr2_6	0.21	1	0.28	0.612	396	0.751	0.388	412	0.59
chr21_2	0.21	1	0.28	0.612	397	0.751	0.388	411	0.59
TGFBR2	0.46	5	0.28	0.612	398	0.751	0.388	410	0.59
WNK2	0.46	5	0.28	0.612	399	0.751	0.388	409	0.59
IGSF22	0.46	5	0.28	0.612	400	0.751	0.388	408	0.59
chr18_3	0.21	1	0.28	0.612	401	0.751	0.388	407	0.59
FIBIN	0.46	5	0.28	0.612	402	0.751	0.388	406	0.59
FBLN2	0.46	5	0.29	0.612	403	0.751	0.388	405	0.59
chr5_10	0.21	1	0.29	0.612	404	0.751	0.388	404	0.59
chr1_3	0.21	1	0.29	0.613	405	0.751	0.387	403	0.59
CDRT4	0.47	5	0.29	0.613	406	0.751	0.387	402	0.59
OIT3	0.48	5	0.29	0.614	407	0.751	0.386	401	0.59
HOXB8	0.48	5	0.29	0.614	408	0.751	0.386	400	0.59
CEMP1	0.48	5	0.29	0.614	409	0.751	0.386	399	0.59
chr18_2	0.22	1	0.29	0.614	410	0.751	0.386	398	0.59
GCC2	0.48	5	0.29	0.614	411	0.751	0.386	397	0.59
TMEM159	0.48	5	0.29	0.614	412	0.751	0.386	396	0.59
chr8_7	0.22	1	0.29	0.614	413	0.751	0.386	395	0.59
PRKG1	0.49	5	0.29	0.615	414	0.751	0.385	394	0.59
ADAM9	0.50	5	0.29	0.615	415	0.751	0.385	393	0.59
GMCL1	0.50	5	0.29	0.615	416	0.751	0.385	392	0.59
chr11_2	0.22	1	0.29	0.616	417	0.751	0.384	391	0.59
AGR2	0.50	5	0.29	0.616	418	0.751	0.384	390	0.59
ASPG	0.50	5	0.30	0.616	419	0.751	0.384	389	0.59
chr3_9	0.23	1	0.30	0.616	420	0.751	0.384	388	0.59
chr6_1	0.23	1	0.30	0.616	421	0.751	0.384	387	0.59
chr20_2	0.23	1	0.30	0.616	422	0.751	0.384	386	0.59
B3GNT5	0.51	5	0.30	0.617	423	0.751	0.383	385	0.59
PHF19	0.51	5	0.30	0.617	424	0.751	0.383	384	0.59
chr10_4	0.23	1	0.30	0.618	425	0.751	0.382	383	0.59
chr19_7	0.23	1	0.30	0.618	426	0.751	0.382	382	0.59
C5	0.53	5	0.30	0.619	427	0.751	0.381	381	0.59
chr11_1	0.24	1	0.30	0.619	428	0.751	0.381	380	0.59
FCN2	0.53	5	0.30	0.619	429	0.751	0.381	379	0.59
chr17_9	0.24	1	0.30	0.619	430	0.751	0.381	378	0.59
TOM1L2	0.53	5	0.30	0.619	431	0.751	0.381	377	0.59
chr5_9	0.24	1	0.31	0.62	432	0.751	0.38	376	0.59
chr6_3	0.24	1	0.31	0.62	433	0.751	0.38	375	0.59
chr17_6	0.24	1	0.31	0.621	434	0.751	0.379	374	0.59
chr3_10	0.25	1	0.31	0.621	435	0.751	0.379	373	0.59
chr16_4	0.25	1	0.31	0.621	436	0.751	0.379	372	0.59
MOGAT1	0.56	5	0.31	0.621	437	0.751	0.379	371	0.59
chr3_8	0.25	1	0.31	0.622	438	0.751	0.378	370	0.59
chr18_4	0.25	1	0.31	0.622	439	0.751	0.378	369	0.59
PCDHGA9	0.56	5	0.31	0.622	440	0.751	0.378	368	0.59
chr8_10	0.25	1	0.31	0.622	441	0.751	0.378	367	0.59
chr11_9	0.25	1	0.31	0.622	442	0.751	0.378	366	0.59
chr12_11	0.25	1	0.31	0.622	443	0.751	0.378	365	0.59
chr21_1	0.25	1	0.31	0.622	444	0.751	0.378	364	0.59
chr18_8	0.25	1	0.31	0.623	445	0.751	0.377	363	0.59
TRIM7	0.57	5	0.31	0.623	446	0.751	0.377	362	0.59
ZNF345	0.57	5	0.31	0.623	447	0.751	0.377	361	0.59
XG	0.57	5	0.31	0.623	448	0.751	0.377	360	0.59
chr3_1	0.26	1	0.31	0.623	449	0.751	0.377	359	0.59
chrX_3	0.26	1	0.32	0.624	450	0.751	0.376	358	0.59
chr5_6	0.26	1	0.32	0.624	451	0.751	0.376	357	0.59
chr17_5	0.26	1	0.32	0.624	452	0.751	0.376	356	0.59
ZFP36L2	0.59	5	0.32	0.624	453	0.751	0.376	355	0.59
CHST4	0.59	5	0.32	0.625	454	0.751	0.375	354	0.59
ZDHHC1	0.60	5	0.32	0.626	455	0.751	0.374	353	0.59
MKL2	0.60	5	0.32	0.626	456	0.751	0.374	352	0.59
chr9_9	0.27	1	0.32	0.626	457	0.751	0.374	351	0.59
chr17_8	0.27	1	0.32	0.626	458	0.751	0.374	350	0.59
chr20_6	0.27	1	0.32	0.626	459	0.751	0.374	349	0.59
GTPBP10	0.60	5	0.32	0.626	460	0.751	0.374	348	0.59
NANOS1	0.61	5	0.32	0.627	461	0.751	0.373	347	0.59
chr13_11	0.27	1	0.32	0.627	462	0.751	0.373	346	0.59
chr2_11	0.27	1	0.32	0.627	463	0.751	0.373	345	0.59
chr16_11	0.27	1	0.32	0.627	464	0.751	0.373	344	0.59
chr11_5	0.27	1	0.32	0.627	465	0.751	0.373	343	0.59
chr13_9	0.27	1	0.32	0.627	466	0.751	0.373	342	0.59
TCF20	0.61	5	0.32	0.627	467	0.751	0.373	341	0.59
GRID2IP	0.61	5	0.32	0.627	468	0.751	0.373	340	0.59
DTHD1	0.62	5	0.33	0.628	469	0.751	0.372	339	0.59
TNNC2	0.62	5	0.33	0.628	470	0.751	0.372	338	0.59
PRRT3	0.62	5	0.33	0.628	471	0.751	0.372	337	0.59
chr12_1	0.28	1	0.33	0.628	472	0.751	0.372	336	0.59
SHC2	0.62	5	0.33	0.628	473	0.751	0.372	335	0.59
LOC643355	0.63	5	0.33	0.629	474	0.751	0.371	334	0.59
chr15_4	0.28	1	0.33	0.629	475	0.751	0.371	333	0.59
chrX_4	0.28	1	0.33	0.629	476	0.751	0.371	332	0.59
MLH1	0.63	5	0.33	0.629	477	0.751	0.371	331	0.59
CLU	0.63	5	0.33	0.629	478	0.751	0.371	330	0.59
SLC38A5	0.63	5	0.33	0.629	479	0.751	0.371	329	0.59
chr5_3	0.28	1	0.33	0.629	480	0.751	0.371	328	0.59
chr7_7	0.28	1	0.33	0.63	481	0.751	0.37	327	0.59
IL18	0.64	5	0.33	0.63	482	0.751	0.37	326	0.59
chr4_10	0.29	1	0.33	0.63	483	0.751	0.37	325	0.59
FAIM	0.64	5	0.33	0.63	484	0.751	0.37	324	0.59
LIPG	0.64	5	0.33	0.63	485	0.751	0.37	323	0.59
QPCT	0.65	5	0.33	0.63	486	0.751	0.37	322	0.59
chr12_4	0.29	1	0.33	0.631	487	0.751	0.369	321	0.59
NKPD1	0.65	5	0.33	0.631	488	0.751	0.369	320	0.59
EYA1	0.65	5	0.33	0.631	489	0.751	0.369	319	0.59
SYTL4	0.65	5	0.34	0.631	490	0.751	0.369	318	0.59
MROH2B	0.66	5	0.34	0.632	491	0.751	0.368	317	0.59
SWT1	0.66	5	0.34	0.632	492	0.751	0.368	316	0.59
SMIM18	0.66	5	0.34	0.632	493	0.751	0.368	315	0.59
chr6_10	0.30	1	0.34	0.633	494	0.751	0.367	314	0.59
chr1_7	0.30	1	0.34	0.633	495	0.751	0.367	313	0.59
chr10_9	0.30	1	0.34	0.633	496	0.751	0.367	312	0.59
chr14_9	0.30	1	0.34	0.633	497	0.751	0.367	311	0.59
OR6N2	0.67	5	0.34	0.633	498	0.751	0.367	310	0.59
CXCL9	0.67	5	0.34	0.633	499	0.751	0.367	309	0.59
REEP1	0.68	5	0.34	0.634	500	0.751	0.366	308	0.59
NEUROD2	0.68	5	0.34	0.634	501	0.751	0.366	307	0.59
chr7_8	0.30	1	0.34	0.634	502	0.751	0.366	306	0.59
CPNE9	0.68	5	0.34	0.634	503	0.751	0.366	305	0.59
ALS2CL	0.68	5	0.34	0.634	504	0.751	0.366	304	0.59
MYOM2	0.68	5	0.34	0.634	505	0.751	0.366	303	0.59
DUOX2	0.68	5	0.34	0.634	506	0.751	0.366	302	0.59
GPR87	0.69	5	0.34	0.635	507	0.751	0.365	301	0.59
PRR15	0.69	5	0.34	0.635	508	0.751	0.365	300	0.59
KHDRBS3	0.69	5	0.35	0.635	509	0.751	0.365	299	0.59
GABRB1	0.69	5	0.35	0.635	510	0.751	0.365	298	0.59
chr19_9	0.31	1	0.35	0.635	511	0.751	0.365	297	0.59
COL4A1	0.70	5	0.35	0.636	512	0.751	0.364	296	0.59
chr12_2	0.31	1	0.35	0.636	513	0.751	0.364	295	0.59
chr6_9	0.31	1	0.35	0.636	514	0.751	0.364	294	0.59
chr10_8	0.31	1	0.35	0.636	515	0.751	0.364	293	0.59
SFMBT1	0.70	5	0.35	0.636	516	0.751	0.364	292	0.59
ENTPD4	0.70	5	0.35	0.636	517	0.751	0.364	291	0.59
chr21_7	0.32	1	0.35	0.636	518	0.751	0.364	290	0.59
chr10_7	0.32	1	0.35	0.637	519	0.751	0.363	289	0.59
AXIN2	0.71	5	0.35	0.637	520	0.751	0.363	288	0.59
chr4_6	0.32	1	0.35	0.637	521	0.751	0.363	287	0.59
HDHD3	0.72	5	0.35	0.637	522	0.751	0.363	286	0.59
chr17_7	0.32	1	0.35	0.638	523	0.751	0.362	285	0.59
chr1_9	0.32	1	0.35	0.638	524	0.751	0.362	284	0.59
CYP2U1	0.72	5	0.35	0.638	525	0.751	0.362	283	0.59
chr21_4	0.32	1	0.35	0.638	526	0.751	0.362	282	0.59
NMUR2	0.72	5	0.35	0.638	527	0.751	0.362	281	0.59
chr21_10	0.32	1	0.35	0.638	528	0.751	0.362	280	0.59
PANO1	0.73	5	0.35	0.638	529	0.751	0.362	279	0.59
PLEKHA4	0.73	5	0.36	0.639	530	0.751	0.361	278	0.59
SDR42E1	0.73	5	0.36	0.639	531	0.751	0.361	277	0.59
PCMT1	0.73	5	0.36	0.639	532	0.751	0.361	276	0.59
ZFAND2A	0.73	5	0.36	0.639	533	0.751	0.361	275	0.59
chr10_5	0.33	1	0.36	0.639	534	0.751	0.361	274	0.59
QPRT	0.74	5	0.36	0.64	535	0.751	0.36	273	0.59
USP38	0.74	5	0.36	0.64	536	0.751	0.36	272	0.59
chr11_8	0.33	1	0.36	0.64	537	0.751	0.36	271	0.59
chr5_1	0.33	1	0.36	0.64	538	0.751	0.36	270	0.59
FAM109A	0.74	5	0.36	0.64	539	0.751	0.36	269	0.59
ADAM7	0.75	5	0.36	0.64	540	0.751	0.36	268	0.59
ATP9A	0.75	5	0.36	0.641	541	0.751	0.359	267	0.59
CUEDC1	0.75	5	0.36	0.641	542	0.751	0.359	266	0.59
NOS1	0.75	5	0.36	0.641	543	0.751	0.359	265	0.59
chr8_4	0.34	1	0.36	0.641	544	0.751	0.359	264	0.59
chr18_9	0.34	1	0.37	0.643	545	0.751	0.357	263	0.59
KRT40	0.77	5	0.37	0.643	546	0.751	0.357	262	0.59
chr20_1	0.35	1	0.37	0.643	547	0.751	0.357	261	0.59
chr2_5	0.35	1	0.37	0.643	548	0.751	0.357	260	0.59
chr14_2	0.35	1	0.37	0.644	549	0.751	0.356	259	0.59
GNA11	0.78	5	0.37	0.644	550	0.751	0.356	258	0.59
chr12_10	0.35	1	0.37	0.644	551	0.751	0.356	257	0.59
OR2A14	0.78	5	0.37	0.644	552	0.751	0.356	256	0.59
chr18_5	0.35	1	0.37	0.644	553	0.751	0.356	255	0.59
MSH3	0.79	5	0.37	0.644	554	0.751	0.356	254	0.59
chr21_9	0.35	1	0.37	0.644	555	0.751	0.356	253	0.59
chr13_8	0.35	1	0.37	0.645	556	0.751	0.355	252	0.59
chr9_7	0.36	1	0.37	0.645	557	0.751	0.355	251	0.59
AAGAB	0.80	5	0.37	0.646	558	0.751	0.354	250	0.59
chr20_4	0.36	1	0.37	0.646	559	0.751	0.354	249	0.59
PEX10	0.80	5	0.37	0.646	560	0.751	0.354	248	0.59
FBN3	0.80	5	0.37	0.646	561	0.751	0.354	247	0.59
CST1	0.81	5	0.38	0.646	562	0.751	0.354	246	0.59
SLAMF1	0.81	5	0.38	0.646	563	0.751	0.354	245	0.59
RSPH14	0.81	5	0.38	0.647	564	0.751	0.353	244	0.59
chr10_11	0.36	1	0.38	0.647	565	0.751	0.353	243	0.59
C2orf16	0.81	5	0.38	0.647	566	0.751	0.353	242	0.59
SHCBP1L	0.82	5	0.38	0.647	567	0.751	0.353	241	0.59
MYOT	0.82	5	0.38	0.647	568	0.751	0.353	240	0.59
UNKL	0.82	5	0.38	0.648	569	0.751	0.352	239	0.59
RIT1	0.82	5	0.38	0.648	570	0.751	0.352	238	0.59
chr13_4	0.37	1	0.38	0.648	571	0.751	0.352	237	0.59
chr7_5	0.37	1	0.38	0.648	572	0.751	0.352	236	0.59
chr17_4	0.37	1	0.38	0.648	573	0.751	0.352	235	0.59
chr18_10	0.37	1	0.38	0.648	574	0.751	0.352	234	0.59
ALDH1A3	0.83	5	0.38	0.648	575	0.751	0.352	233	0.59
FAM217A	0.83	5	0.38	0.649	576	0.751	0.351	232	0.59
DUSP18	0.83	5	0.38	0.649	577	0.751	0.351	231	0.59
chr18_6	0.37	1	0.38	0.649	578	0.751	0.351	230	0.59
chr4_8	0.37	1	0.38	0.649	579	0.751	0.351	229	0.59
chr20_8	0.37	1	0.38	0.649	580	0.751	0.351	228	0.59
RAB2B	0.84	5	0.38	0.649	581	0.751	0.351	227	0.59
SESN1	0.84	5	0.38	0.649	582	0.751	0.351	226	0.59
HLA-DMA	0.84	5	0.38	0.65	583	0.751	0.35	225	0.59
chr3_5	0.38	1	0.38	0.65	584	0.751	0.35	224	0.59
PCDHA1	0.84	5	0.39	0.65	585	0.751	0.35	223	0.59
chr13_1	0.38	1	0.39	0.65	586	0.751	0.35	222	0.59
chrX_9	0.38	1	0.39	0.65	587	0.751	0.35	221	0.59
TMEM236	0.85	5	0.39	0.65	588	0.751	0.35	220	0.59
TK2	0.85	5	0.39	0.65	589	0.751	0.35	219	0.59
chr19_10	0.38	1	0.39	0.651	590	0.751	0.349	218	0.59
DACT2	0.86	5	0.39	0.651	591	0.751	0.349	217	0.59
CDHR5	0.86	5	0.39	0.651	592	0.751	0.349	216	0.59
BPIFB6	0.86	5	0.39	0.651	593	0.751	0.349	215	0.59
chrX_2	0.39	1	0.39	0.652	594	0.751	0.348	214	0.59
TSPAN6	0.87	5	0.39	0.652	595	0.751	0.348	213	0.59
KCNN2	0.87	5	0.39	0.652	596	0.751	0.348	212	0.59
NEIL3	0.87	5	0.39	0.652	597	0.751	0.348	211	0.59
chr4_9	0.39	1	0.39	0.653	598	0.751	0.347	210	0.59
chrX_5	0.39	1	0.39	0.653	599	0.751	0.347	209	0.59
PML	0.87	5	0.39	0.653	600	0.751	0.347	208	0.59
TCF7	0.87	5	0.39	0.653	601	0.751	0.347	207	0.59
SHF	0.88	5	0.39	0.653	602	0.751	0.347	206	0.59
LIG1	0.88	5	0.39	0.653	603	0.751	0.347	205	0.59
ADH4	0.88	5	0.39	0.653	604	0.751	0.347	204	0.59
chr5_7	0.39	1	0.39	0.653	605	0.751	0.347	203	0.59
chr9_10	0.39	1	0.39	0.653	606	0.751	0.347	202	0.59
chr1_6	0.39	1	0.39	0.653	607	0.751	0.347	201	0.59
chr5_8	0.40	1	0.40	0.654	608	0.751	0.346	200	0.59
HPRT1	0.89	5	0.40	0.655	609	0.751	0.345	199	0.59
chr14_5	0.40	1	0.40	0.655	610	0.751	0.345	198	0.59
HDAC5	0.89	5	0.40	0.655	611	0.751	0.345	197	0.59
POLI	0.89	5	0.40	0.655	612	0.751	0.345	196	0.59
chr20_9	0.40	1	0.40	0.655	613	0.751	0.345	195	0.59
GABRA2	0.90	5	0.40	0.655	614	0.751	0.345	194	0.59
chr13_10	0.40	1	0.40	0.655	615	0.751	0.345	193	0.59
LMO4	0.90	5	0.40	0.655	616	0.751	0.345	192	0.59
OR51F2	0.90	5	0.40	0.656	617	0.751	0.344	191	0.59
MYRIP	0.91	5	0.40	0.656	618	0.751	0.344	190	0.59
chr20_5	0.41	1	0.40	0.657	619	0.751	0.343	189	0.59
PKP1	0.92	5	0.40	0.657	620	0.751	0.343	188	0.59
chr9_8	0.41	1	0.41	0.657	621	0.751	0.343	187	0.59
C8orf31	0.93	5	0.41	0.658	622	0.751	0.342	186	0.59
PPP1R3D	0.93	5	0.41	0.658	623	0.751	0.342	185	0.59
chr5_2	0.42	1	0.41	0.659	624	0.751	0.341	184	0.59
chr11_10	0.42	1	0.41	0.659	625	0.751	0.341	183	0.59
CKM	0.94	5	0.41	0.659	626	0.751	0.341	182	0.59
chrX_6	0.42	1	0.41	0.659	627	0.751	0.341	181	0.59
chr3_7	0.42	1	0.41	0.659	628	0.751	0.341	180	0.59
PABPC4	0.94	5	0.41	0.659	629	0.751	0.341	179	0.59
AGT	0.95	5	0.41	0.66	630	0.751	0.34	178	0.59
EPDR1	0.95	5	0.41	0.66	631	0.751	0.34	177	0.59
chr1_8	0.42	1	0.41	0.66	632	0.751	0.34	176	0.59
CRHR2	0.95	5	0.41	0.66	633	0.751	0.34	175	0.59
EHD3	0.96	5	0.42	0.661	634	0.751	0.339	174	0.59
HEXA	0.96	5	0.42	0.661	635	0.751	0.339	173	0.59
LY6G5C	0.96	5	0.42	0.662	636	0.751	0.338	172	0.59
CCDC69	0.97	5	0.42	0.662	637	0.751	0.338	171	0.59
APOL1	0.97	5	0.42	0.662	638	0.751	0.338	170	0.59
chr8_9	0.43	1	0.42	0.662	639	0.751	0.338	169	0.59
chr9_5	0.43	1	0.42	0.662	640	0.751	0.338	168	0.59
FOXO1	0.98	5	0.42	0.663	641	0.751	0.337	167	0.59
chr6_8	0.44	1	0.42	0.663	642	0.751	0.337	166	0.59
SLC50A1	0.98	5	0.42	0.663	643	0.751	0.337	165	0.59
chr15_9	0.44	1	0.42	0.663	644	0.751	0.337	164	0.59
chr8_6	0.44	1	0.42	0.663	645	0.751	0.337	163	0.59
OSR1	0.98	5	0.42	0.664	646	0.751	0.336	162	0.59
ZNF692	0.99	5	0.42	0.664	647	0.751	0.336	161	0.59
chrX_10	0.44	1	0.42	0.665	648	0.751	0.335	160	0.59
RNF216	0.99	5	0.42	0.665	649	0.751	0.335	159	0.59
IRF2BPL	1.00	5	0.43	0.665	650	0.751	0.335	158	0.59
CDCA7L	1.00	5	0.43	0.665	651	0.751	0.335	157	0.59
LGR5	1.01	5	0.43	0.666	652	0.751	0.334	156	0.59
YIPF4	1.01	5	0.43	0.666	653	0.751	0.334	155	0.59
FAM71E1	1.01	5	0.43	0.666	654	0.751	0.334	154	0.59
EGF	1.01	5	0.43	0.666	655	0.751	0.334	153	0.59
chr12_9	0.45	1	0.43	0.666	656	0.751	0.334	152	0.59
THPO	1.01	5	0.43	0.666	657	0.751	0.334	151	0.59
MOGAT2	1.01	5	0.43	0.666	658	0.751	0.334	150	0.59
chr3_6	0.45	1	0.43	0.667	659	0.751	0.333	149	0.59
chr15_3	0.45	1	0.43	0.667	660	0.751	0.333	148	0.59
ASTE1	1.02	5	0.43	0.667	661	0.751	0.333	147	0.59
ETV3L	1.02	5	0.43	0.667	662	0.751	0.333	146	0.59
AADAT	1.02	5	0.43	0.667	663	0.751	0.333	145	0.59
CDX1	1.03	5	0.44	0.668	664	0.751	0.332	144	0.59
chr18_7	0.47	1	0.44	0.67	665	0.751	0.33	143	0.59
PROX1	1.05	5	0.44	0.67	666	0.751	0.33	142	0.59
chr19_11	0.47	1	0.44	0.671	667	0.751	0.329	141	0.59
PLA2G2A	1.06	5	0.44	0.671	668	0.751	0.329	140	0.59
chr7_3	0.48	1	0.44	0.671	669	0.751	0.329	139	0.59
chrX_7	0.48	1	0.44	0.672	670	0.751	0.328	138	0.59
chr13_7	0.48	1	0.44	0.672	671	0.751	0.328	137	0.59
TTLL2	1.07	5	0.44	0.672	672	0.751	0.328	136	0.59
DRD2	1.07	5	0.45	0.672	673	0.751	0.328	135	0.59
FAM124B	1.08	5	0.45	0.673	674	0.751	0.327	134	0.59
chr21_6	0.49	1	0.45	0.673	675	0.751	0.327	133	0.59
chr6_2	0.49	1	0.45	0.673	676	0.751	0.327	132	0.59
chr14_6	0.49	1	0.45	0.673	677	0.751	0.327	131	0.59
ELF5	1.09	5	0.45	0.674	678	0.751	0.326	130	0.59
C7orf69	1.10	5	0.45	0.674	679	0.751	0.326	129	0.59
ARFGAP3	1.10	5	0.45	0.675	680	0.751	0.325	128	0.59
PRSS23	1.10	5	0.45	0.675	681	0.751	0.325	127	0.59
GGT7	1.11	5	0.45	0.675	682	0.751	0.325	126	0.59
SRPK3	1.11	5	0.45	0.675	683	0.751	0.325	125	0.59
ABLIM3	1.11	5	0.46	0.676	684	0.751	0.324	124	0.59
LMOD3	1.12	5	0.46	0.676	685	0.751	0.324	123	0.59
ZBTB18	1.13	5	0.46	0.677	686	0.751	0.323	122	0.59
TTC7A	1.13	5	0.46	0.677	687	0.751	0.323	121	0.59
SERINC1	1.13	5	0.46	0.678	688	0.751	0.322	120	0.59
BMP3	1.14	5	0.46	0.678	689	0.751	0.322	119	0.59
C3orf67	1.14	5	0.46	0.678	690	0.751	0.322	118	0.59
chr3_11	0.51	1	0.46	0.678	691	0.751	0.322	117	0.59
ZNF223	1.14	5	0.46	0.678	692	0.751	0.322	116	0.59
chr11_7	0.51	1	0.46	0.679	693	0.751	0.321	115	0.59
chr11_3	0.51	1	0.46	0.679	694	0.751	0.321	114	0.59
CH25H	1.15	5	0.47	0.679	695	0.751	0.321	113	0.59
GRHL1	1.15	5	0.47	0.68	696	0.751	0.32	112	0.59
NELL1	1.15	5	0.47	0.68	697	0.751	0.32	111	0.59
chrX_1	0.52	1	0.47	0.68	698	0.751	0.32	110	0.59
chr4_5	0.52	1	0.47	0.68	699	0.751	0.32	109	0.59
ASXL1	1.16	5	0.47	0.68	700	0.751	0.32	108	0.59
ACSL6	1.16	5	0.47	0.68	701	0.751	0.32	107	0.59
chr20_3	0.52	1	0.47	0.681	702	0.751	0.319	106	0.59
HSBP1	1.18	5	0.47	0.682	703	0.751	0.318	105	0.59
SPZ1	1.19	5	0.48	0.683	704	0.751	0.317	104	0.59
BMP7	1.19	5	0.48	0.683	705	0.751	0.317	103	0.59
VIPR2	1.19	5	0.48	0.683	706	0.751	0.317	102	0.59
CCL8	1.19	5	0.48	0.683	707	0.751	0.317	101	0.59
LYPD8	1.20	5	0.48	0.684	708	0.751	0.316	100	0.59
SYNGR2	1.20	5	0.48	0.684	709	0.751	0.316	99	0.59
HEG1	1.20	5	0.48	0.684	710	0.751	0.316	98	0.59
KIAA1804	1.20	5	0.48	0.684	711	0.751	0.316	97	0.59
BSPH1	1.21	5	0.48	0.685	712	0.751	0.315	96	0.59
TPO	1.21	5	0.48	0.685	713	0.751	0.315	95	0.59
FGF20	1.21	5	0.48	0.685	714	0.751	0.315	94	0.59
chr4_3	0.54	1	0.48	0.685	715	0.751	0.315	93	0.59
chr3_3	0.55	1	0.49	0.687	716	0.751	0.313	92	0.59
chr9_6	0.55	1	0.49	0.687	717	0.751	0.313	91	0.59
RNF220	1.25	5	0.49	0.688	718	0.751	0.312	90	0.59
RXFP4	1.25	5	0.49	0.689	719	0.751	0.311	89	0.59
F10	1.26	5	0.49	0.689	720	0.751	0.311	88	0.59
ZMYM5	1.26	5	0.49	0.689	721	0.751	0.311	87	0.59
MGAT3	1.27	5	0.50	0.69	722	0.751	0.31	86	0.59
LFNG	1.27	5	0.50	0.691	723	0.751	0.309	85	0.59
GRP	1.27	5	0.50	0.691	724	0.751	0.309	84	0.59
TTC33	1.27	5	0.50	0.691	725	0.751	0.309	83	0.59
SMAD2	1.28	5	0.50	0.691	726	0.751	0.309	82	0.59
FZD10	1.29	5	0.50	0.692	727	0.751	0.308	81	0.59
GNG4	1.29	5	0.50	0.693	728	0.751	0.307	80	0.59
DEFB116	1.29	5	0.50	0.693	729	0.751	0.307	79	0.59
PLEKHN1	1.30	5	0.50	0.693	730	0.751	0.307	78	0.59
NEU4	1.31	5	0.51	0.694	731	0.751	0.306	77	0.59
SCCPDH	1.32	5	0.51	0.695	732	0.751	0.305	76	0.59
chr4_2	0.59	1	0.51	0.695	733	0.751	0.305	75	0.59
BCOR	1.33	5	0.51	0.696	734	0.751	0.304	74	0.59
chr19_3	0.59	1	0.51	0.696	735	0.751	0.304	73	0.59
SPIN3	1.33	5	0.51	0.696	736	0.751	0.304	72	0.59
chr18_11	0.60	1	0.52	0.697	737	0.751	0.303	71	0.59
RGMA	1.34	5	0.52	0.697	738	0.751	0.303	70	0.59
KLLN	1.36	5	0.52	0.699	739	0.751	0.301	69	0.59
RLN2	1.36	5	0.52	0.699	740	0.751	0.301	68	0.59
DMC1	1.38	5	0.53	0.701	741	0.751	0.299	67	0.59
NEURL1	1.39	5	0.53	0.701	742	0.751	0.299	66	0.59
PFKL	1.39	5	0.53	0.701	743	0.751	0.299	65	0.59
RYK	1.39	5	0.53	0.701	744	0.751	0.299	64	0.59
IL15RA	1.39	5	0.53	0.702	745	0.751	0.298	63	0.59
chr11_4	0.62	1	0.53	0.702	746	0.751	0.298	62	0.59
TGIF2	1.41	5	0.54	0.704	747	0.751	0.296	61	0.59
chr14_4	0.63	1	0.54	0.704	748	0.751	0.296	60	0.59
HYPM	1.42	5	0.54	0.705	749	0.751	0.295	59	0.59
UBE2QL1	1.42	5	0.54	0.705	750	0.751	0.295	58	0.59
chr9_1	0.64	1	0.54	0.705	751	0.751	0.295	57	0.59
MEF2D	1.43	5	0.54	0.705	752	0.751	0.295	56	0.59
TCF19	1.44	5	0.54	0.706	753	0.751	0.294	55	0.59
TH	1.45	5	0.54	0.707	754	0.751	0.293	54	0.59
KIAA1522	1.45	5	0.55	0.707	755	0.751	0.293	53	0.59
LRRN1	1.46	5	0.55	0.708	756	0.751	0.292	52	0.59
CLEC14A	1.46	5	0.55	0.708	757	0.751	0.292	51	0.59
SATL1	1.47	5	0.55	0.709	758	0.751	0.291	50	0.59
SPTBN1	1.47	5	0.55	0.709	759	0.751	0.291	49	0.59
TBC1D9	1.48	5	0.55	0.71	760	0.751	0.29	48	0.59
KIAA1549L	1.48	5	0.55	0.71	761	0.751	0.29	47	0.59
CREB3L2	1.50	5	0.56	0.712	762	0.751	0.288	46	0.59
TYMSOS	1.51	5	0.56	0.712	763	0.751	0.288	45	0.59
FOXP3	1.51	5	0.56	0.713	764	0.751	0.287	44	0.59
TMPRSS13	1.52	5	0.56	0.713	765	0.751	0.287	43	0.59
HPGD	1.53	5	0.56	0.714	766	0.751	0.286	42	0.59
TRIM36	1.53	5	0.57	0.714	767	0.751	0.286	41	0.59
EIF4E2	1.53	5	0.57	0.714	768	0.751	0.286	40	0.59
KIAA1671	1.57	5	0.58	0.718	769	0.753	0.282	39	0.59
CYP24A1	1.59	5	0.58	0.72	770	0.753	0.28	38	0.59
CCR1	1.61	5	0.59	0.722	771	0.753	0.278	37	0.59
ZSCAN31	1.63	5	0.59	0.723	772	0.753	0.277	36	0.59
FGF13	1.64	5	0.59	0.724	773	0.753	0.276	35	0.59
EIF2AK1	1.64	5	0.59	0.724	774	0.753	0.276	34	0.59
PRR21	1.64	5	0.59	0.724	775	0.753	0.276	33	0.59
TMEM176A	1.64	5	0.59	0.724	776	0.753	0.276	32	0.59
RSF1	1.65	5	0.60	0.725	777	0.753	0.275	31	0.59
OR52E6	1.69	5	0.61	0.728	778	0.755	0.272	30	0.59
CAB39L	1.73	5	0.62	0.732	779	0.758	0.268	29	0.59
EVC	1.74	5	0.62	0.732	780	0.758	0.268	28	0.59
PRPS2	1.81	5	0.64	0.739	781	0.763	0.261	27	0.59
GPR143	1.84	5	0.65	0.742	782	0.763	0.258	26	0.59
SHROOM4	1.85	5	0.65	0.742	783	0.763	0.258	25	0.59
DENND6A	1.85	5	0.65	0.742	784	0.763	0.258	24	0.59
IL2RG	1.86	5	0.65	0.743	785	0.763	0.257	23	0.59
MAML1	1.86	5	0.65	0.743	786	0.763	0.257	22	0.59
TRPM5	1.87	5	0.66	0.744	787	0.763	0.256	21	0.59
ACE2	1.90	5	0.66	0.746	788	0.764	0.254	20	0.59
HMGB3	1.91	5	0.66	0.747	789	0.764	0.253	19	0.59
LYSMD3	1.91	5	0.67	0.747	790	0.764	0.253	18	0.59
QKI	1.98	5	0.68	0.753	791	0.768	0.247	17	0.59
HSFY1	2.07	5	0.71	0.76	792	0.775	0.24	16	0.59
COL4A6	2.08	5	0.71	0.761	793	0.775	0.239	15	0.59
EP300	2.11	5	0.72	0.764	794	0.776	0.236	14	0.59
CDKN1A	2.21	5	0.74	0.772	795	0.783	0.228	13	0.59
SHROOM2	2.36	5	0.78	0.783	796	0.794	0.217	12	0.59
ZKSCAN8	2.45	5	0.81	0.791	797	0.801	0.209	11	0.59
CXCL5	2.60	5	0.85	0.801	798	0.811	0.199	10	0.59
LIMA1	2.64	5	0.86	0.805	799	0.813	0.195	9	0.59
AMER3	2.79	5	0.90	0.815	800	0.823	0.185	8	0.59
PNMA1	2.93	5	0.93	0.825	801	0.83	0.175	7	0.59
C11orf42	2.93	5	0.93	0.825	802	0.83	0.175	6	0.59
FANCA	2.97	5	0.94	0.828	803	0.832	0.172	5	0.59
DSG4	3.03	5	0.96	0.831	804	0.834	0.169	4	0.59
UGT1A7	3.11	5	0.98	0.837	805	0.839	0.163	3	0.59
SS18	3.73	5	1.14	0.874	806	0.875	0.126	2	0.59
MED12	8.17	5	2.31	0.99	807	0.99	0.0103	1	0.59
