GENE	sumZ	numObs	normZ	pval_synth	rank_synth	fdr_synth	pval_supp	rank_supp	fdr_supp
FEN1	-31.12	5	-8.00	6.26e-16	1	5.05e-13	1	807	1
ERCC1	-26.95	5	-6.90	2.68e-12	2	1.08e-09	1	806	1
RAD1	-20.74	5	-5.25	7.51e-08	3	2.02e-05	1	805	1
RMI1	-17.77	5	-4.47	3.98e-06	4	0.000803	1	804	1
TOP3A	-16.90	5	-4.24	1.14e-05	5	0.00143	1	803	1
AAGAB	-16.86	5	-4.23	1.19e-05	6	0.00143	1	802	1
HNRNPL	-16.82	5	-4.22	1.24e-05	7	0.00143	1	801	1
VEZT	-16.33	5	-4.09	2.18e-05	8	0.0022	1	800	1
ERCC4	-15.70	5	-3.92	4.41e-05	9	0.00395	1	799	1
MRPS26	-14.70	5	-3.65	0.000129	10	0.0104	1	798	1
FANCA	-13.27	5	-3.28	0.000527	11	0.0365	0.999	797	1
DYNLRB1	-13.23	5	-3.27	0.000543	12	0.0365	0.999	796	1
PCYT1A	-12.98	5	-3.20	0.000689	13	0.0428	0.999	795	1
RPL30	-12.83	5	-3.16	0.000789	14	0.0455	0.999	794	1
PEX10	-12.72	5	-3.13	0.000874	15	0.047	0.999	793	1
DHX36	-12.52	5	-3.08	0.00104	16	0.0524	0.999	792	1
ARFRP1	-12.42	5	-3.05	0.00114	17	0.0541	0.999	791	1
FANCG	-12.12	5	-2.97	0.00148	18	0.0665	0.999	790	1
COPS8	-11.66	5	-2.85	0.00218	19	0.0928	0.998	789	1
COPS4	-11.43	5	-2.79	0.00264	20	0.102	0.997	788	1
BLM	-11.42	5	-2.79	0.00267	21	0.102	0.997	787	1
DIMT1	-11.15	5	-2.72	0.0033	22	0.121	0.997	786	1
EMG1	-11.04	5	-2.69	0.0036	23	0.122	0.996	785	1
RFC2	-11.00	5	-2.68	0.00372	24	0.122	0.996	784	1
RFC3	-10.99	5	-2.67	0.00377	25	0.122	0.996	783	1
COPS2	-10.52	5	-2.55	0.0054	26	0.168	0.995	782	1
NUP93	-10.31	5	-2.49	0.00634	27	0.175	0.994	781	1
SSR2	-10.29	5	-2.49	0.00644	28	0.175	0.994	780	1
COPS6	-10.26	5	-2.48	0.00657	29	0.175	0.993	779	1
RPL35A	-10.20	5	-2.47	0.00684	30	0.175	0.993	778	1
RPS13	-10.20	5	-2.47	0.00685	31	0.175	0.993	777	1
APITD1	-10.18	5	-2.46	0.00695	32	0.175	0.993	776	1
GTPBP10	-10.14	5	-2.45	0.00719	33	0.176	0.993	775	1
EXO1	-9.92	5	-2.39	0.0084	34	0.197	0.992	774	1
TFG	-9.90	5	-2.38	0.00857	35	0.197	0.991	773	1
MUS81	-9.86	5	-2.37	0.00879	36	0.197	0.991	772	1
TMEM30A	-9.53	5	-2.29	0.0111	37	0.243	0.989	771	1
RPL27	-9.09	5	-2.17	0.015	38	0.319	0.985	770	1
ATP5L	-8.90	5	-2.12	0.0169	39	0.349	0.983	769	1
RPA1	-8.84	5	-2.10	0.0177	40	0.349	0.982	768	1
RPL5	-8.83	5	-2.10	0.0177	41	0.349	0.982	767	1
POLD2	-8.47	5	-2.01	0.0223	42	0.429	0.978	766	1
POLD1	-8.41	5	-1.99	0.0232	43	0.436	0.977	765	1
RAD51	-8.22	5	-1.94	0.0261	44	0.479	0.974	764	1
RFC5	-8.15	5	-1.92	0.0274	45	0.491	0.973	763	1
RPA3	-7.82	5	-1.84	0.0332	46	0.575	0.967	762	1
FTSJ3	-7.81	5	-1.83	0.0335	47	0.575	0.966	761	1
RRN3	-7.54	5	-1.76	0.0392	48	0.659	0.961	760	1
DIDO1	-7.46	5	-1.74	0.041	49	0.675	0.959	759	1
PCNA	-7.24	5	-1.68	0.0463	50	0.747	0.954	758	1
RPL11	-7.13	5	-1.65	0.0493	51	0.78	0.951	757	1
POLR2A	-6.78	5	-1.56	0.0594	52	0.804	0.941	756	1
PSMC4	-6.76	5	-1.55	0.0601	53	0.804	0.94	755	1
POLD3	-6.69	5	-1.54	0.0623	54	0.804	0.938	754	1
ELP4	-6.67	5	-1.53	0.0631	55	0.804	0.937	753	1
RPL34	-6.59	5	-1.51	0.0656	56	0.804	0.934	752	1
POLR2F	-6.44	5	-1.47	0.071	57	0.804	0.929	751	0.998
DDB1	-6.38	5	-1.45	0.0729	58	0.804	0.927	750	0.998
RPS8	-6.16	5	-1.39	0.0815	59	0.804	0.918	749	0.99
LMNA	-6.07	5	-1.37	0.0853	60	0.804	0.915	748	0.987
RPA2	-6.00	5	-1.35	0.0882	61	0.804	0.912	747	0.985
PSMD11	-5.89	5	-1.32	0.0929	62	0.804	0.907	746	0.981
RPL6	-3.72	2	-1.32	0.0932	63	0.804	0.907	745	0.981
FANCM	-5.85	5	-1.31	0.0946	64	0.804	0.905	744	0.981
ELK1	-5.69	5	-1.27	0.102	65	0.804	0.898	743	0.975
INO80C	-5.63	5	-1.26	0.105	66	0.804	0.895	742	0.974
KCNK5	-5.61	5	-1.25	0.106	67	0.804	0.894	741	0.974
RFC4	-5.49	5	-1.22	0.112	68	0.804	0.888	740	0.969
SLC25A22	-5.42	5	-1.20	0.115	69	0.804	0.885	739	0.966
POLE	-5.27	5	-1.16	0.123	70	0.804	0.877	738	0.959
PPIL2	-5.20	5	-1.14	0.127	71	0.804	0.873	737	0.956
RPS2	-5.15	5	-1.13	0.13	72	0.804	0.87	736	0.954
RPL18A	-5.07	5	-1.11	0.134	73	0.804	0.866	735	0.951
RPS11	-5.05	5	-1.10	0.135	74	0.804	0.865	734	0.951
PLAGL2	-5.01	5	-1.09	0.137	75	0.804	0.863	733	0.95
PEPD	-4.89	5	-1.06	0.145	76	0.804	0.855	732	0.943
DNA2	-4.88	5	-1.06	0.145	77	0.804	0.855	731	0.943
RPS27	-4.71	5	-1.01	0.156	78	0.804	0.844	730	0.933
RPS9	-4.64	5	-0.99	0.16	79	0.804	0.84	729	0.93
NUP205	-4.60	5	-0.98	0.163	80	0.804	0.837	728	0.928
POLA1	-4.53	5	-0.97	0.167	81	0.804	0.833	727	0.924
PHF19	-4.47	5	-0.95	0.171	82	0.804	0.829	726	0.921
TGIF2	-4.43	5	-0.94	0.174	83	0.804	0.826	725	0.919
HIST1H2BD	-4.35	5	-0.92	0.18	84	0.804	0.82	724	0.915
NUP98	-4.33	5	-0.91	0.181	85	0.804	0.819	723	0.914
TRIM49C	-4.33	5	-0.91	0.181	86	0.804	0.819	722	0.914
RPS19	-4.31	5	-0.91	0.183	87	0.804	0.817	721	0.914
RPL36	-4.28	5	-0.90	0.185	88	0.804	0.815	720	0.914
LTN1	-4.25	5	-0.89	0.186	89	0.804	0.814	719	0.913
PSMD6	-4.19	5	-0.88	0.191	90	0.804	0.809	718	0.91
ETNK1	-4.18	5	-0.87	0.192	91	0.804	0.808	717	0.909
PSMB2	-3.93	5	-0.81	0.21	92	0.804	0.79	716	0.89
RPL9	-3.87	5	-0.79	0.215	93	0.804	0.785	715	0.886
RHOG	-3.86	5	-0.79	0.216	94	0.804	0.784	714	0.886
CEND1	-3.84	5	-0.78	0.217	95	0.804	0.783	713	0.886
GTF3C2	-3.76	5	-0.76	0.223	96	0.804	0.777	712	0.88
RPS3A	-3.69	5	-0.74	0.229	97	0.804	0.771	711	0.875
HDHD3	-3.68	5	-0.74	0.23	98	0.804	0.77	710	0.875
ROCK2	-3.59	5	-0.71	0.237	99	0.804	0.763	709	0.868
PSMD7	-3.54	5	-0.70	0.241	100	0.804	0.759	708	0.865
HIST3H2BB	-3.54	5	-0.70	0.242	101	0.804	0.758	707	0.865
PSMA3	-3.50	5	-0.69	0.244	102	0.804	0.756	706	0.864
ZNF736	-3.38	5	-0.66	0.255	103	0.804	0.745	705	0.853
POTEH	-3.33	5	-0.65	0.259	104	0.804	0.741	704	0.85
POLR2D	-3.23	5	-0.62	0.268	105	0.804	0.732	703	0.841
ZNF341	-3.21	5	-0.61	0.27	106	0.804	0.73	702	0.84
PSMB3	-3.15	5	-0.60	0.275	107	0.804	0.725	701	0.835
XPA	-3.15	5	-0.60	0.275	108	0.804	0.725	700	0.835
SNX30	-3.11	5	-0.59	0.278	109	0.804	0.722	699	0.834
TMEM38B	-3.11	5	-0.59	0.278	110	0.804	0.722	698	0.834
USP18	-3.08	5	-0.58	0.281	111	0.804	0.719	697	0.832
COPB1	-3.03	5	-0.57	0.286	112	0.804	0.714	696	0.828
SLC13A2	-3.01	5	-0.56	0.287	113	0.804	0.713	695	0.827
RPL3	-2.97	5	-0.55	0.291	114	0.804	0.709	694	0.825
HIST4H4	-2.90	5	-0.53	0.297	115	0.804	0.703	693	0.818
PRR15	-2.85	5	-0.52	0.301	116	0.804	0.699	692	0.815
EEF1B2	-2.78	5	-0.50	0.308	117	0.804	0.692	691	0.808
HOXB8	-2.68	5	-0.47	0.318	118	0.804	0.682	690	0.798
ZNF665	-2.53	5	-0.44	0.332	119	0.804	0.668	689	0.783
ASPG	-2.49	5	-0.42	0.335	120	0.804	0.665	688	0.78
SDCCAG3	-2.47	5	-0.42	0.338	121	0.804	0.662	687	0.778
USPL1	-2.41	5	-0.40	0.344	122	0.804	0.656	686	0.772
MSANTD4	-2.41	5	-0.40	0.344	123	0.804	0.656	685	0.772
DNAJB5	-2.36	5	-0.39	0.348	124	0.804	0.652	684	0.769
ASXL1	-2.35	5	-0.39	0.349	125	0.804	0.651	683	0.769
DNTTIP1	-2.31	5	-0.38	0.353	126	0.804	0.647	682	0.765
SLC38A5	-2.28	5	-0.37	0.356	127	0.804	0.644	681	0.763
PSMC1	-2.27	5	-0.37	0.357	128	0.804	0.643	680	0.763
USP38	-2.27	5	-0.37	0.357	129	0.804	0.643	679	0.763
DEFB116	-2.26	5	-0.36	0.359	130	0.804	0.641	678	0.763
COPA	-2.25	5	-0.36	0.359	131	0.804	0.641	677	0.763
PNMA1	-2.24	5	-0.36	0.36	132	0.804	0.64	676	0.763
PABPC1L	-2.23	5	-0.35	0.361	133	0.804	0.639	675	0.763
MLXIPL	-2.18	5	-0.34	0.366	134	0.804	0.634	674	0.759
RAPH1	-2.18	5	-0.34	0.366	135	0.804	0.634	673	0.759
chr17_6	-0.97	1	-0.34	0.367	136	0.804	0.633	672	0.759
MCRIP2	-2.11	5	-0.32	0.373	137	0.804	0.627	671	0.754
HIST1H2AE	-2.10	5	-0.32	0.374	138	0.804	0.626	670	0.754
chr13_6	-0.92	1	-0.31	0.379	139	0.804	0.621	669	0.749
RPS24	-2.05	5	-0.31	0.379	140	0.804	0.621	668	0.749
HIST1H2BH	-2.01	5	-0.30	0.383	141	0.804	0.617	667	0.747
OSR1	-2.01	5	-0.30	0.383	142	0.804	0.617	666	0.747
INVS	-1.97	5	-0.29	0.388	143	0.804	0.612	665	0.743
GJC3	-1.92	5	-0.27	0.393	144	0.804	0.607	664	0.738
STX16	-1.91	5	-0.27	0.393	145	0.804	0.607	663	0.738
MPP3	-1.82	5	-0.25	0.403	146	0.804	0.597	662	0.728
CPLX2	-1.74	5	-0.23	0.411	147	0.804	0.589	661	0.719
SOCS7	-1.68	5	-0.21	0.417	148	0.804	0.583	660	0.713
ERCC6L2	-1.68	5	-0.21	0.417	149	0.804	0.583	659	0.713
KRTAP12-4	-1.67	5	-0.21	0.418	150	0.804	0.582	658	0.713
chr17_10	-0.74	1	-0.20	0.419	151	0.804	0.581	657	0.713
TRABD	-1.65	5	-0.20	0.42	152	0.804	0.58	656	0.713
chr14_8	-0.73	1	-0.20	0.422	153	0.804	0.578	655	0.712
SORBS1	-1.61	5	-0.19	0.424	154	0.804	0.576	654	0.711
RPS7	-1.59	5	-0.19	0.426	155	0.804	0.574	653	0.709
chr14_10	-0.71	1	-0.18	0.427	156	0.804	0.573	652	0.709
FAM78A	-1.57	5	-0.18	0.428	157	0.804	0.572	651	0.709
CHST4	-1.56	5	-0.18	0.429	158	0.804	0.571	650	0.709
BPIFB6	-1.53	5	-0.17	0.432	159	0.804	0.568	649	0.706
FBXO34	-1.51	5	-0.16	0.435	160	0.804	0.565	648	0.704
BCL6	-1.50	5	-0.16	0.436	161	0.804	0.564	647	0.704
STRN3	-1.48	5	-0.16	0.438	162	0.804	0.562	646	0.702
POLD4	-1.47	5	-0.15	0.439	163	0.804	0.561	645	0.702
ZMYM5	-1.45	5	-0.15	0.44	164	0.804	0.56	644	0.701
CCDC69	-1.45	5	-0.15	0.441	165	0.804	0.559	643	0.701
NT5C3B	-1.44	5	-0.15	0.441	166	0.804	0.559	642	0.701
CEACAM20	-1.42	5	-0.14	0.444	167	0.804	0.556	641	0.7
PLEKHA4	-1.42	5	-0.14	0.444	168	0.804	0.556	640	0.7
NUP133	-1.40	5	-0.14	0.446	169	0.804	0.554	639	0.7
ZNF692	-1.39	5	-0.13	0.447	170	0.804	0.553	638	0.7
MROH2B	-1.39	5	-0.13	0.447	171	0.804	0.553	637	0.7
TNNC2	-1.36	5	-0.13	0.45	172	0.804	0.55	636	0.698
TESK1	-1.34	5	-0.12	0.452	173	0.804	0.548	635	0.697
RFC1	-1.34	5	-0.12	0.453	174	0.804	0.547	634	0.697
SHC2	-1.32	5	-0.11	0.455	175	0.804	0.545	633	0.695
KIAA0825	-1.28	5	-0.11	0.458	176	0.804	0.542	632	0.692
GABRA2	-1.27	5	-0.10	0.46	177	0.804	0.54	631	0.691
SHANK1	-1.26	5	-0.10	0.46	178	0.804	0.54	630	0.691
CXCL9	-1.26	5	-0.10	0.461	179	0.804	0.539	629	0.691
VIPR2	-1.25	5	-0.10	0.462	180	0.804	0.538	628	0.691
RIMS4	-1.23	5	-0.09	0.464	181	0.804	0.536	627	0.69
PRR11	-1.23	5	-0.09	0.464	182	0.804	0.536	626	0.69
WNK2	-1.23	5	-0.09	0.464	183	0.804	0.536	625	0.69
BMP10	-1.22	5	-0.09	0.465	184	0.804	0.535	624	0.69
SLC16A13	-1.22	5	-0.09	0.465	185	0.804	0.535	623	0.69
chr21_11	-0.55	1	-0.09	0.465	186	0.804	0.535	622	0.69
MSH2	-1.20	5	-0.08	0.467	187	0.804	0.533	621	0.69
RBPJL	-1.20	5	-0.08	0.467	188	0.804	0.533	620	0.69
chr14_7	-0.53	1	-0.08	0.468	189	0.804	0.532	619	0.69
EPN3	-1.19	5	-0.08	0.468	190	0.804	0.532	618	0.69
PCGF1	-1.18	5	-0.08	0.469	191	0.804	0.531	617	0.69
PCDHA1	-1.18	5	-0.08	0.469	192	0.804	0.531	616	0.69
ARFGAP3	-1.18	5	-0.08	0.469	193	0.804	0.531	615	0.69
chr9_7	-0.52	1	-0.08	0.47	194	0.804	0.53	614	0.69
chr17_5	-0.52	1	-0.08	0.47	195	0.804	0.53	613	0.69
TNNT1	-1.17	5	-0.07	0.471	196	0.804	0.529	612	0.69
chr12_6	-0.52	1	-0.07	0.472	197	0.804	0.528	611	0.69
USP20	-1.15	5	-0.07	0.472	198	0.804	0.528	610	0.69
OR2T33	-1.14	5	-0.07	0.473	199	0.804	0.527	609	0.69
NEUROD2	-1.14	5	-0.07	0.473	200	0.804	0.527	608	0.69
KIAA1549L	-1.14	5	-0.07	0.474	201	0.804	0.526	607	0.69
NCOA1	-1.13	5	-0.06	0.475	202	0.804	0.525	606	0.69
chr11_3	-0.50	1	-0.06	0.476	203	0.804	0.524	605	0.69
CCDC106	-1.11	5	-0.06	0.476	204	0.804	0.524	604	0.69
chr17_1	-0.50	1	-0.06	0.476	205	0.804	0.524	603	0.69
chr14_11	-0.50	1	-0.06	0.476	206	0.804	0.524	602	0.69
TOM1L2	-1.10	5	-0.06	0.477	207	0.804	0.523	601	0.69
COPZ1	-0.97	4	-0.05	0.479	208	0.804	0.521	600	0.69
CDRT4	-1.06	5	-0.05	0.481	209	0.804	0.519	599	0.69
DTHD1	-1.05	5	-0.04	0.483	210	0.804	0.517	598	0.69
KANK3	-1.05	5	-0.04	0.483	211	0.804	0.517	597	0.69
C17orf78	-1.04	5	-0.04	0.483	212	0.804	0.517	596	0.69
chr13_2	-0.46	1	-0.04	0.485	213	0.804	0.515	595	0.69
NELL1	-1.03	5	-0.04	0.485	214	0.804	0.515	594	0.69
CRHR2	-1.01	5	-0.03	0.487	215	0.804	0.513	593	0.69
chr7_10	-0.45	1	-0.03	0.487	216	0.804	0.513	592	0.69
chr19_6	-0.45	1	-0.03	0.488	217	0.804	0.512	591	0.69
ASPRV1	-0.98	5	-0.03	0.49	218	0.804	0.51	590	0.69
RNF216	-0.97	5	-0.02	0.491	219	0.804	0.509	589	0.69
chr5_4	-0.43	1	-0.02	0.492	220	0.804	0.508	588	0.69
KRT40	-0.96	5	-0.02	0.492	221	0.804	0.508	587	0.69
KCNK17	-0.96	5	-0.02	0.493	222	0.804	0.507	586	0.69
chr3_1	-0.43	1	-0.02	0.493	223	0.804	0.507	585	0.69
TPO	-0.95	5	-0.02	0.493	224	0.804	0.507	584	0.69
CYP2U1	-0.95	5	-0.02	0.494	225	0.804	0.506	583	0.69
AGR2	-0.94	5	-0.01	0.494	226	0.804	0.506	582	0.69
GRHL1	-0.94	5	-0.01	0.494	227	0.804	0.506	581	0.69
IRF2BPL	-0.94	5	-0.01	0.495	228	0.804	0.505	580	0.69
chr17_11	-0.41	1	-0.01	0.496	229	0.804	0.504	579	0.69
FIBIN	-0.92	5	-0.01	0.497	230	0.804	0.503	578	0.69
CNTNAP4	-0.91	5	-0.01	0.497	231	0.804	0.503	577	0.69
UBE2QL1	-0.91	5	-0.01	0.498	232	0.804	0.502	576	0.69
C5	-0.90	5	-0.00	0.499	233	0.804	0.501	575	0.69
chr4_5	-0.40	1	-0.00	0.499	234	0.804	0.501	574	0.69
ZNF431	-0.89	5	-0.00	0.5	235	0.804	0.5	573	0.69
ZFHX2	-0.89	5	-0.00	0.5	236	0.804	0.5	572	0.69
PILRA	-0.88	5	0.00	0.501	237	0.804	0.499	571	0.69
MOGAT1	-0.87	5	0.00	0.502	238	0.804	0.498	570	0.69
TBX10	-0.84	5	0.01	0.504	239	0.804	0.496	569	0.69
UGT1A7	-0.84	5	0.01	0.505	240	0.804	0.495	568	0.69
AKAP2	-0.83	5	0.01	0.506	241	0.804	0.494	567	0.69
CCL8	-0.83	5	0.02	0.506	242	0.804	0.494	566	0.69
MTERF1	-0.82	5	0.02	0.507	243	0.804	0.493	565	0.69
DMRTC1B	-0.82	5	0.02	0.507	244	0.804	0.493	564	0.69
chr4_9	-0.37	1	0.02	0.507	245	0.804	0.493	563	0.69
CEMP1	-0.81	5	0.02	0.508	246	0.804	0.492	562	0.69
ZCCHC10	-0.80	5	0.02	0.509	247	0.804	0.491	561	0.69
CLDN7	-0.80	5	0.02	0.51	248	0.804	0.49	560	0.69
chr19_4	-0.35	1	0.02	0.51	249	0.804	0.49	559	0.69
GABRB1	-0.79	5	0.02	0.51	250	0.804	0.49	558	0.69
HPN	-0.78	5	0.03	0.511	251	0.804	0.489	557	0.69
chr13_1	-0.35	1	0.03	0.512	252	0.804	0.488	556	0.69
KIAA1804	-0.78	5	0.03	0.512	253	0.804	0.488	555	0.69
ELF5	-0.77	5	0.03	0.513	254	0.804	0.487	554	0.69
TTC33	-0.76	5	0.03	0.513	255	0.804	0.487	553	0.69
chr10_7	-0.34	1	0.03	0.514	256	0.804	0.486	552	0.69
KDM3A	-0.76	5	0.03	0.514	257	0.804	0.486	551	0.69
CYB5D1	-0.75	5	0.04	0.514	258	0.804	0.486	550	0.69
FGF13	-0.74	5	0.04	0.516	259	0.804	0.484	549	0.69
NMUR2	-0.72	5	0.04	0.518	260	0.804	0.482	548	0.69
chr9_10	-0.32	1	0.04	0.518	261	0.804	0.482	547	0.69
FABP1	-0.70	5	0.05	0.519	262	0.804	0.481	546	0.69
KIF20B	-0.70	5	0.05	0.52	263	0.804	0.48	545	0.69
GSTA1	-0.68	5	0.05	0.522	264	0.804	0.478	544	0.69
NUMB	-0.67	5	0.06	0.523	265	0.804	0.477	543	0.69
MLH3	-0.66	5	0.06	0.524	266	0.804	0.476	542	0.69
EHD3	-0.65	5	0.06	0.524	267	0.804	0.476	541	0.69
GPR87	-0.65	5	0.06	0.525	268	0.804	0.475	540	0.69
TH	-0.64	5	0.07	0.526	269	0.804	0.474	539	0.69
chr2_6	-0.28	1	0.07	0.528	270	0.804	0.472	538	0.69
chr20_5	-0.28	1	0.07	0.529	271	0.804	0.471	537	0.69
KLK11	-0.60	5	0.08	0.53	272	0.804	0.47	536	0.69
ZNF200	-0.60	5	0.08	0.53	273	0.804	0.47	535	0.69
OR2A14	-0.60	5	0.08	0.531	274	0.804	0.469	534	0.69
chr7_9	-0.27	1	0.08	0.531	275	0.804	0.469	533	0.69
PRPS2	-0.59	5	0.08	0.531	276	0.804	0.469	532	0.69
BCOR	-0.59	5	0.08	0.531	277	0.804	0.469	531	0.69
chr2_8	-0.26	1	0.08	0.532	278	0.804	0.468	530	0.69
THPO	-0.58	5	0.08	0.532	279	0.804	0.468	529	0.69
B3GALNT1	-0.58	5	0.08	0.532	280	0.804	0.468	528	0.69
chr9_2	-0.26	1	0.08	0.533	281	0.804	0.467	527	0.69
KCNN2	-0.58	5	0.08	0.533	282	0.804	0.467	526	0.69
HS3ST4	-0.57	5	0.08	0.533	283	0.804	0.467	525	0.69
MSH3	-0.57	5	0.08	0.533	284	0.804	0.467	524	0.69
chr21_5	-0.25	1	0.09	0.535	285	0.804	0.465	523	0.69
GGT7	-0.55	5	0.09	0.535	286	0.804	0.465	522	0.69
CYP24A1	-0.55	5	0.09	0.536	287	0.804	0.464	521	0.69
chr15_8	-0.24	1	0.09	0.537	288	0.804	0.463	520	0.69
chr12_8	-0.24	1	0.09	0.538	289	0.804	0.462	519	0.69
chr7_7	-0.24	1	0.10	0.538	290	0.804	0.462	518	0.69
COL4A1	-0.53	5	0.10	0.538	291	0.804	0.462	517	0.69
FOXRED2	-0.50	5	0.10	0.54	292	0.804	0.46	516	0.69
LYZL1	-0.50	5	0.10	0.541	293	0.804	0.459	515	0.69
FCN2	-0.49	5	0.11	0.542	294	0.804	0.458	514	0.69
ZFAND2A	-0.48	5	0.11	0.542	295	0.804	0.458	513	0.69
chr11_6	-0.21	1	0.11	0.543	296	0.804	0.457	512	0.69
chr20_3	-0.21	1	0.11	0.543	297	0.804	0.457	511	0.69
chr9_4	-0.21	1	0.11	0.544	298	0.804	0.456	510	0.69
ZSCAN31	-0.47	5	0.11	0.544	299	0.804	0.456	509	0.69
PLA2G2A	-0.46	5	0.11	0.545	300	0.804	0.455	508	0.69
MLH1	-0.46	5	0.11	0.545	301	0.804	0.455	507	0.69
chr20_2	-0.21	1	0.11	0.545	302	0.804	0.455	506	0.69
chr12_11	-0.20	1	0.11	0.546	303	0.804	0.454	505	0.69
chr17_2	-0.20	1	0.11	0.546	304	0.804	0.454	504	0.69
VWA5B1	-0.45	5	0.12	0.546	305	0.804	0.454	503	0.69
MICB	-0.44	5	0.12	0.547	306	0.804	0.453	502	0.69
chr19_1	-0.20	1	0.12	0.547	307	0.804	0.453	501	0.69
PANO1	-0.44	5	0.12	0.547	308	0.804	0.453	500	0.69
chr17_3	-0.19	1	0.12	0.548	309	0.804	0.452	499	0.69
chr12_3	-0.19	1	0.12	0.549	310	0.804	0.451	498	0.69
chr2_11	-0.19	1	0.12	0.549	311	0.804	0.451	497	0.69
chr9_3	-0.19	1	0.13	0.55	312	0.804	0.45	496	0.69
FAM124B	-0.41	5	0.13	0.55	313	0.804	0.45	495	0.69
ATP9A	-0.41	5	0.13	0.55	314	0.804	0.45	494	0.69
chr14_6	-0.18	1	0.13	0.55	315	0.804	0.45	493	0.69
DPY19L2	-0.40	5	0.13	0.551	316	0.804	0.449	492	0.69
chr5_10	-0.18	1	0.13	0.551	317	0.804	0.449	491	0.69
chr8_7	-0.18	1	0.13	0.552	318	0.804	0.448	490	0.69
chr8_8	-0.18	1	0.13	0.552	319	0.804	0.448	489	0.69
chr15_5	-0.18	1	0.13	0.552	320	0.804	0.448	488	0.69
chr21_10	-0.17	1	0.13	0.554	321	0.804	0.446	487	0.69
CLU	-0.37	5	0.14	0.554	322	0.804	0.446	486	0.69
IQSEC3	-0.37	5	0.14	0.554	323	0.804	0.446	485	0.69
LYPD5	-0.37	5	0.14	0.554	324	0.804	0.446	484	0.69
chr4_4	-0.16	1	0.14	0.555	325	0.804	0.445	483	0.69
ADAM7	-0.36	5	0.14	0.555	326	0.804	0.445	482	0.69
ZFP36L2	-0.36	5	0.14	0.555	327	0.804	0.445	481	0.69
YIPF4	-0.36	5	0.14	0.555	328	0.804	0.445	480	0.69
C2orf16	-0.35	5	0.14	0.557	329	0.804	0.443	479	0.69
chr5_9	-0.16	1	0.14	0.557	330	0.804	0.443	478	0.69
GMCL1	-0.35	5	0.14	0.557	331	0.804	0.443	477	0.69
chr6_2	-0.15	1	0.14	0.557	332	0.804	0.443	476	0.69
CCR1	-0.34	5	0.14	0.557	333	0.804	0.443	475	0.69
NME5	-0.34	5	0.14	0.558	334	0.804	0.442	474	0.69
NUP54	-0.21	2	0.14	0.558	335	0.804	0.442	473	0.69
C7orf69	-0.33	5	0.15	0.559	336	0.804	0.441	472	0.69
AGT	-0.33	5	0.15	0.559	337	0.804	0.441	471	0.69
FAIM	-0.33	5	0.15	0.559	338	0.804	0.441	470	0.69
NFKBID	-0.32	5	0.15	0.559	339	0.804	0.441	469	0.69
chr15_6	-0.14	1	0.15	0.56	340	0.804	0.44	468	0.69
chr7_1	-0.14	1	0.15	0.56	341	0.804	0.44	467	0.69
MAP1LC3B2	-0.31	5	0.15	0.56	342	0.804	0.44	466	0.69
TNFSF9	-0.31	5	0.15	0.56	343	0.804	0.44	465	0.69
chr12_7	-0.14	1	0.15	0.56	344	0.804	0.44	464	0.69
BLCAP	-0.31	5	0.15	0.561	345	0.804	0.439	463	0.69
EPDR1	-0.31	5	0.15	0.561	346	0.804	0.439	462	0.69
NR0B2	-0.31	5	0.15	0.561	347	0.804	0.439	461	0.69
chr15_4	-0.14	1	0.15	0.561	348	0.804	0.439	460	0.69
ZBTB18	-0.30	5	0.15	0.561	349	0.804	0.439	459	0.69
PPP1R3D	-0.29	5	0.16	0.563	350	0.804	0.437	458	0.69
chr10_1	-0.13	1	0.16	0.563	351	0.804	0.437	457	0.69
CST1	-0.28	5	0.16	0.564	352	0.804	0.436	456	0.69
PSMC2	-0.28	5	0.16	0.564	353	0.804	0.436	455	0.69
chr20_8	-0.12	1	0.16	0.564	354	0.804	0.436	454	0.69
CHGA	-0.27	5	0.16	0.564	355	0.804	0.436	453	0.69
CDCA7L	-0.27	5	0.16	0.565	356	0.804	0.435	452	0.69
chr6_10	-0.12	1	0.16	0.565	357	0.804	0.435	451	0.69
BMP7	-0.26	5	0.16	0.565	358	0.804	0.435	450	0.69
PSMD1	-0.12	1	0.17	0.566	359	0.804	0.434	449	0.69
chr8_10	-0.12	1	0.17	0.566	360	0.804	0.434	448	0.69
chr21_1	-0.11	1	0.17	0.566	361	0.804	0.434	447	0.69
chr14_5	-0.11	1	0.17	0.566	362	0.804	0.434	446	0.69
IFT27	-0.24	5	0.17	0.568	363	0.804	0.432	445	0.69
chr2_5	-0.11	1	0.17	0.568	364	0.804	0.432	444	0.69
TMEM176A	-0.24	5	0.17	0.568	365	0.804	0.432	443	0.69
chr11_2	-0.10	1	0.17	0.569	366	0.804	0.431	442	0.69
chr14_3	-0.10	1	0.17	0.569	367	0.804	0.431	441	0.69
chr1_3	-0.10	1	0.17	0.569	368	0.804	0.431	440	0.69
ZNF345	-0.22	5	0.18	0.57	369	0.804	0.43	439	0.69
CEP68	-0.22	5	0.18	0.57	370	0.804	0.43	438	0.69
chr21_8	-0.10	1	0.18	0.57	371	0.804	0.43	437	0.69
chr13_11	-0.10	1	0.18	0.571	372	0.804	0.429	436	0.69
chr2_10	-0.10	1	0.18	0.571	373	0.804	0.429	435	0.69
TFCP2L1	-0.21	5	0.18	0.571	374	0.804	0.429	434	0.69
chr17_9	-0.09	1	0.18	0.572	375	0.804	0.428	433	0.69
chr7_3	-0.09	1	0.18	0.572	376	0.804	0.428	432	0.69
CXCL5	-0.17	4	0.18	0.573	377	0.804	0.427	431	0.69
chr16_11	-0.09	1	0.18	0.573	378	0.804	0.427	430	0.69
CEP78	-0.19	5	0.18	0.573	379	0.804	0.427	429	0.69
PID1	-0.19	5	0.18	0.573	380	0.804	0.427	428	0.69
chr15_10	-0.08	1	0.19	0.574	381	0.804	0.426	427	0.69
CDX1	-0.18	5	0.19	0.575	382	0.804	0.425	426	0.69
chr13_4	-0.08	1	0.19	0.575	383	0.804	0.425	425	0.69
chr19_7	-0.08	1	0.19	0.575	384	0.804	0.425	424	0.69
chr16_7	-0.07	1	0.19	0.576	385	0.804	0.424	423	0.69
chr7_4	-0.07	1	0.19	0.576	386	0.804	0.424	422	0.69
KIAA1671	-0.16	5	0.19	0.576	387	0.804	0.424	421	0.69
ELN	-0.15	5	0.19	0.577	388	0.804	0.423	420	0.69
chr6_8	-0.07	1	0.19	0.577	389	0.804	0.423	419	0.69
CC2D2B	-0.15	5	0.19	0.577	390	0.804	0.423	418	0.69
DFNB59	-0.13	5	0.20	0.579	391	0.804	0.421	417	0.69
chr16_5	-0.06	1	0.20	0.579	392	0.804	0.421	416	0.69
CDHR5	-0.12	5	0.20	0.58	393	0.804	0.42	415	0.69
MAD2L1BP	-0.11	5	0.21	0.581	394	0.804	0.419	414	0.69
C8orf31	-0.11	5	0.21	0.582	395	0.804	0.418	413	0.69
chr6_4	-0.05	1	0.21	0.582	396	0.804	0.418	412	0.69
chr1_2	-0.03	1	0.21	0.585	397	0.804	0.415	411	0.69
GLYATL1	-0.07	5	0.22	0.585	398	0.804	0.415	410	0.69
chr19_11	-0.03	1	0.22	0.586	399	0.804	0.414	409	0.69
HPRT1	-0.06	5	0.22	0.587	400	0.804	0.413	408	0.69
C21orf62	-0.06	5	0.22	0.587	401	0.804	0.413	407	0.69
GBP2	-0.05	5	0.22	0.587	402	0.804	0.413	406	0.69
chr16_1	-0.02	1	0.22	0.587	403	0.804	0.413	405	0.69
FAM109A	-0.05	5	0.22	0.588	404	0.804	0.412	404	0.69
chr20_6	-0.02	1	0.22	0.588	405	0.804	0.412	403	0.69
C11orf42	-0.04	5	0.22	0.588	406	0.804	0.412	402	0.69
chr11_1	-0.01	1	0.23	0.59	407	0.804	0.41	401	0.69
NKPD1	-0.03	5	0.23	0.59	408	0.804	0.41	400	0.69
CPT2	-0.03	5	0.23	0.59	409	0.804	0.41	399	0.69
GRID2IP	-0.02	5	0.23	0.59	410	0.804	0.41	398	0.69
chr12_5	-0.01	1	0.23	0.591	411	0.804	0.409	397	0.69
BSPH1	-0.02	5	0.23	0.591	412	0.804	0.409	396	0.69
RSPH14	-0.01	5	0.23	0.591	413	0.804	0.409	395	0.69
chr19_10	-0.01	1	0.23	0.592	414	0.804	0.408	394	0.69
chr4_1	-0.00	1	0.23	0.592	415	0.804	0.408	393	0.69
HLA-DMA	0.00	5	0.23	0.593	416	0.804	0.407	392	0.69
IL2RG	0.01	5	0.24	0.593	417	0.804	0.407	391	0.69
ATF6B	0.01	5	0.24	0.594	418	0.804	0.406	390	0.69
OIT3	0.03	5	0.24	0.596	419	0.804	0.404	389	0.69
PFKL	0.04	5	0.24	0.597	420	0.804	0.403	388	0.69
ZSWIM3	0.04	5	0.24	0.597	421	0.804	0.403	387	0.69
HEG1	0.04	5	0.25	0.597	422	0.804	0.403	386	0.69
IGSF22	0.04	5	0.25	0.597	423	0.804	0.403	385	0.69
chr18_10	0.02	1	0.25	0.597	424	0.804	0.403	384	0.69
GAGE12I	0.05	5	0.25	0.598	425	0.804	0.402	383	0.69
chr11_9	0.02	1	0.25	0.598	426	0.804	0.402	382	0.69
chr10_3	0.02	1	0.25	0.598	427	0.804	0.402	381	0.69
CKM	0.06	5	0.25	0.599	428	0.804	0.401	380	0.69
chr3_9	0.03	1	0.25	0.599	429	0.804	0.401	379	0.69
REEP1	0.06	5	0.25	0.599	430	0.804	0.401	378	0.69
chr13_9	0.03	1	0.25	0.6	431	0.804	0.4	377	0.69
ZNF223	0.08	5	0.26	0.601	432	0.804	0.399	376	0.69
chr5_5	0.04	1	0.26	0.602	433	0.804	0.398	375	0.69
PRSS23	0.09	5	0.26	0.602	434	0.804	0.398	374	0.69
TMPRSS13	0.09	5	0.26	0.602	435	0.804	0.398	373	0.69
chr11_8	0.04	1	0.26	0.602	436	0.804	0.398	372	0.69
MOGAT2	0.10	5	0.26	0.603	437	0.804	0.397	371	0.69
HOXD10	0.11	5	0.26	0.604	438	0.804	0.396	370	0.69
COL2A1	0.11	5	0.26	0.604	439	0.804	0.396	369	0.69
chr15_2	0.05	1	0.27	0.605	440	0.804	0.395	368	0.69
chr15_1	0.06	1	0.27	0.606	441	0.804	0.394	367	0.69
chr4_10	0.06	1	0.27	0.607	442	0.804	0.393	366	0.69
chr12_1	0.06	1	0.27	0.608	443	0.804	0.392	365	0.69
EGF	0.15	5	0.27	0.608	444	0.804	0.392	364	0.69
chr6_7	0.07	1	0.27	0.608	445	0.804	0.392	363	0.69
GLT8D1	0.15	5	0.28	0.609	446	0.804	0.391	362	0.69
chr5_3	0.07	1	0.28	0.609	447	0.804	0.391	361	0.69
NEDD4	0.16	5	0.28	0.609	448	0.804	0.391	360	0.69
chr18_5	0.07	1	0.28	0.61	449	0.804	0.39	359	0.69
chr10_2	0.08	1	0.28	0.61	450	0.804	0.39	358	0.69
chr8_3	0.08	1	0.28	0.611	451	0.804	0.389	357	0.69
chr6_3	0.08	1	0.28	0.612	452	0.804	0.388	356	0.69
MSH6	0.19	5	0.29	0.612	453	0.804	0.388	355	0.69
RPL22L1	0.19	5	0.29	0.613	454	0.804	0.387	354	0.69
GGA3	0.20	5	0.29	0.613	455	0.804	0.387	353	0.69
CUEDC1	0.20	5	0.29	0.613	456	0.804	0.387	352	0.69
chr21_2	0.09	1	0.29	0.614	457	0.804	0.386	351	0.69
chr3_7	0.09	1	0.29	0.614	458	0.804	0.386	350	0.69
chr19_9	0.09	1	0.29	0.614	459	0.804	0.386	349	0.69
chrX_4	0.09	1	0.29	0.614	460	0.804	0.386	348	0.69
NEURL1	0.21	5	0.29	0.614	461	0.804	0.386	347	0.69
chr16_9	0.10	1	0.29	0.614	462	0.804	0.386	346	0.69
chr6_1	0.10	1	0.29	0.614	463	0.804	0.386	345	0.69
chr14_1	0.10	1	0.29	0.615	464	0.804	0.385	344	0.69
chr1_6	0.10	1	0.29	0.615	465	0.804	0.385	343	0.69
KHDRBS3	0.23	5	0.29	0.616	466	0.804	0.384	342	0.69
HEXA	0.23	5	0.29	0.616	467	0.804	0.384	341	0.69
TMEM198	0.23	5	0.30	0.616	468	0.804	0.384	340	0.69
DRD2	0.23	5	0.30	0.616	469	0.804	0.384	339	0.69
chr1_4	0.10	1	0.30	0.616	470	0.804	0.384	338	0.69
FBN3	0.24	5	0.30	0.617	471	0.804	0.383	337	0.69
MADD	0.24	5	0.30	0.617	472	0.804	0.383	336	0.69
AMER3	0.24	5	0.30	0.617	473	0.804	0.383	335	0.69
UNKL	0.24	5	0.30	0.618	474	0.804	0.382	334	0.69
chr9_5	0.11	1	0.30	0.618	475	0.804	0.382	333	0.69
chr7_5	0.11	1	0.30	0.618	476	0.804	0.382	332	0.69
chr17_7	0.11	1	0.30	0.618	477	0.804	0.382	331	0.69
SLC39A5	0.26	5	0.30	0.619	478	0.804	0.381	330	0.69
chr16_6	0.12	1	0.30	0.619	479	0.804	0.381	329	0.69
TK2	0.26	5	0.30	0.62	480	0.804	0.38	328	0.69
chrX_7	0.12	1	0.30	0.62	481	0.804	0.38	327	0.69
chr7_2	0.12	1	0.30	0.62	482	0.804	0.38	326	0.69
chr5_6	0.12	1	0.31	0.62	483	0.804	0.38	325	0.69
chr2_1	0.12	1	0.31	0.621	484	0.804	0.379	324	0.69
chr4_3	0.13	1	0.31	0.622	485	0.804	0.378	323	0.69
chr6_5	0.13	1	0.31	0.622	486	0.804	0.378	322	0.69
ABLIM3	0.29	5	0.31	0.622	487	0.804	0.378	321	0.69
chr5_1	0.13	1	0.31	0.622	488	0.804	0.378	320	0.69
C10orf82	0.29	5	0.31	0.623	489	0.804	0.377	319	0.69
chr13_5	0.13	1	0.31	0.623	490	0.804	0.377	318	0.69
chr19_8	0.14	1	0.32	0.624	491	0.804	0.376	317	0.69
PCMT1	0.31	5	0.32	0.625	492	0.804	0.375	316	0.69
QPCT	0.32	5	0.32	0.625	493	0.804	0.375	315	0.69
ZNF485	0.32	5	0.32	0.625	494	0.804	0.375	314	0.69
chrX_8	0.14	1	0.32	0.625	495	0.804	0.375	313	0.69
chrX_9	0.14	1	0.32	0.626	496	0.804	0.374	312	0.69
FAM71E1	0.32	5	0.32	0.626	497	0.804	0.374	311	0.69
MYOT	0.32	5	0.32	0.626	498	0.804	0.374	310	0.69
GCG	0.33	5	0.32	0.626	499	0.804	0.374	309	0.69
HYDIN	0.34	5	0.32	0.627	500	0.804	0.373	308	0.69
WIPF1	0.34	5	0.32	0.627	501	0.804	0.373	307	0.69
chr14_2	0.16	1	0.33	0.628	502	0.804	0.372	306	0.69
ALKBH6	0.35	5	0.33	0.629	503	0.804	0.371	305	0.69
FAM217A	0.36	5	0.33	0.629	504	0.804	0.371	304	0.69
PDF	0.36	5	0.33	0.629	505	0.804	0.371	303	0.69
chr21_9	0.16	1	0.33	0.63	506	0.804	0.37	302	0.69
chr19_5	0.16	1	0.33	0.63	507	0.804	0.37	301	0.69
CEACAM5	0.37	5	0.33	0.63	508	0.804	0.37	300	0.69
FGF20	0.37	5	0.33	0.63	509	0.804	0.37	299	0.69
HDAC5	0.37	5	0.33	0.63	510	0.804	0.37	298	0.69
PCDHGA9	0.37	5	0.33	0.63	511	0.804	0.37	297	0.69
VNN2	0.37	5	0.33	0.631	512	0.804	0.369	296	0.69
DMC1	0.38	5	0.34	0.632	513	0.804	0.368	295	0.69
IL18	0.38	5	0.34	0.632	514	0.804	0.368	294	0.69
RLN2	0.39	5	0.34	0.632	515	0.804	0.368	293	0.69
chr1_7	0.17	1	0.34	0.632	516	0.804	0.368	292	0.69
chr21_7	0.17	1	0.34	0.632	517	0.804	0.368	291	0.69
chrX_3	0.18	1	0.34	0.633	518	0.804	0.367	290	0.69
PML	0.40	5	0.34	0.634	519	0.804	0.366	289	0.69
NCK2	0.41	5	0.34	0.634	520	0.804	0.366	288	0.69
chr12_9	0.19	1	0.35	0.635	521	0.804	0.365	287	0.69
chr12_2	0.19	1	0.35	0.636	522	0.804	0.364	286	0.69
NANOS1	0.43	5	0.35	0.636	523	0.804	0.364	285	0.69
chr3_10	0.19	1	0.35	0.636	524	0.804	0.364	284	0.69
B3GNT5	0.43	5	0.35	0.636	525	0.804	0.364	283	0.69
chr16_10	0.20	1	0.35	0.637	526	0.804	0.363	282	0.69
SRPK3	0.45	5	0.35	0.638	527	0.804	0.362	281	0.69
DUSP18	0.45	5	0.35	0.638	528	0.804	0.362	280	0.69
chr16_2	0.20	1	0.35	0.638	529	0.804	0.362	279	0.69
BMP3	0.46	5	0.36	0.639	530	0.804	0.361	278	0.69
chr1_5	0.21	1	0.36	0.64	531	0.804	0.36	277	0.69
chr10_6	0.21	1	0.36	0.64	532	0.804	0.36	276	0.69
chr8_5	0.21	1	0.36	0.64	533	0.804	0.36	275	0.69
chr3_4	0.21	1	0.36	0.64	534	0.804	0.36	274	0.69
chr15_3	0.21	1	0.36	0.641	535	0.804	0.359	273	0.69
MYRIP	0.47	5	0.36	0.641	536	0.804	0.359	272	0.69
chr3_8	0.21	1	0.36	0.641	537	0.804	0.359	271	0.69
HOXD13	0.48	5	0.36	0.641	538	0.804	0.359	270	0.69
chr9_8	0.22	1	0.36	0.641	539	0.804	0.359	269	0.69
LRFN2	0.48	5	0.36	0.642	540	0.804	0.358	268	0.69
MSH5	0.48	5	0.36	0.642	541	0.804	0.358	267	0.69
SCCPDH	0.49	5	0.36	0.642	542	0.804	0.358	266	0.69
TBC1D9	0.49	5	0.36	0.642	543	0.804	0.358	265	0.69
FOXO1	0.49	5	0.37	0.643	544	0.804	0.357	264	0.69
SMIM15	0.50	5	0.37	0.643	545	0.804	0.357	263	0.69
chr5_2	0.22	1	0.37	0.643	546	0.804	0.357	262	0.69
chr21_3	0.22	1	0.37	0.643	547	0.804	0.357	261	0.69
CLEC14A	0.50	5	0.37	0.643	548	0.804	0.357	260	0.69
chr10_11	0.23	1	0.37	0.644	549	0.804	0.356	259	0.69
chr4_7	0.23	1	0.37	0.644	550	0.804	0.356	258	0.69
SYNGR2	0.51	5	0.37	0.644	551	0.804	0.356	257	0.69
TTC7A	0.51	5	0.37	0.644	552	0.804	0.356	256	0.69
MYOM2	0.52	5	0.37	0.645	553	0.804	0.355	255	0.69
chrX_6	0.23	1	0.37	0.646	554	0.804	0.354	254	0.69
DUOX2	0.53	5	0.38	0.646	555	0.804	0.354	253	0.69
SMIM18	0.53	5	0.38	0.647	556	0.804	0.353	252	0.69
ST6GAL2	0.53	5	0.38	0.647	557	0.804	0.353	251	0.69
FAHD2B	0.54	5	0.38	0.647	558	0.804	0.353	250	0.69
ADAM9	0.54	5	0.38	0.647	559	0.804	0.353	249	0.69
AADAT	0.54	5	0.38	0.647	560	0.804	0.353	248	0.69
chr20_7	0.24	1	0.38	0.647	561	0.804	0.353	247	0.69
chr19_2	0.25	1	0.38	0.648	562	0.804	0.352	246	0.69
chr13_10	0.25	1	0.38	0.648	563	0.804	0.352	245	0.69
GUCY2C	0.56	5	0.38	0.649	564	0.804	0.351	244	0.69
chr2_3	0.25	1	0.38	0.649	565	0.804	0.351	243	0.69
chrX_10	0.25	1	0.38	0.649	566	0.804	0.351	242	0.69
chr20_4	0.25	1	0.38	0.65	567	0.804	0.35	241	0.69
chr11_4	0.25	1	0.38	0.65	568	0.804	0.35	240	0.69
CEACAM3	0.57	5	0.39	0.65	569	0.804	0.35	239	0.69
chr18_3	0.26	1	0.39	0.651	570	0.804	0.349	238	0.69
chr18_7	0.26	1	0.39	0.651	571	0.804	0.349	237	0.69
chr8_6	0.26	1	0.39	0.651	572	0.804	0.349	236	0.69
chr10_9	0.26	1	0.39	0.651	573	0.804	0.349	235	0.69
EIF2AK1	0.58	5	0.39	0.651	574	0.804	0.349	234	0.69
chr15_11	0.26	1	0.39	0.652	575	0.804	0.348	233	0.69
QPRT	0.59	5	0.39	0.652	576	0.804	0.348	232	0.69
chr2_4	0.26	1	0.39	0.652	577	0.804	0.348	231	0.69
MRAP2	0.59	5	0.39	0.652	578	0.804	0.348	230	0.69
chr3_11	0.27	1	0.39	0.652	579	0.804	0.348	229	0.69
ADH4	0.60	5	0.39	0.653	580	0.804	0.347	228	0.69
chr20_1	0.27	1	0.40	0.654	581	0.804	0.346	227	0.69
chr13_7	0.27	1	0.40	0.654	582	0.804	0.346	226	0.69
chr17_8	0.28	1	0.40	0.655	583	0.804	0.345	225	0.69
OR51F2	0.63	5	0.40	0.655	584	0.804	0.345	224	0.69
chr11_11	0.28	1	0.40	0.656	585	0.804	0.344	223	0.69
SHF	0.64	5	0.40	0.656	586	0.804	0.344	222	0.69
chr10_10	0.29	1	0.41	0.657	587	0.804	0.343	221	0.69
OR6N2	0.65	5	0.41	0.658	588	0.804	0.342	220	0.69
PLCL1	0.66	5	0.41	0.659	589	0.804	0.341	219	0.69
chr18_4	0.29	1	0.41	0.659	590	0.804	0.341	218	0.69
chr15_9	0.30	1	0.41	0.659	591	0.804	0.341	217	0.69
chr5_8	0.30	1	0.41	0.659	592	0.804	0.341	216	0.69
TRHDE	0.67	5	0.41	0.66	593	0.804	0.34	215	0.69
C15orf40	0.67	5	0.41	0.66	594	0.804	0.34	214	0.69
chr18_2	0.30	1	0.41	0.66	595	0.804	0.34	213	0.69
chr5_7	0.30	1	0.41	0.661	596	0.804	0.339	212	0.69
OLFML3	0.68	5	0.42	0.661	597	0.804	0.339	211	0.69
IHH	0.62	4	0.42	0.662	598	0.804	0.338	210	0.69
PRRT3	0.69	5	0.42	0.662	599	0.804	0.338	209	0.69
TYMSOS	0.69	5	0.42	0.662	600	0.804	0.338	208	0.69
ACSL6	0.70	5	0.42	0.662	601	0.804	0.338	207	0.69
chrX_5	0.31	1	0.42	0.663	602	0.804	0.337	206	0.69
chr13_8	0.32	1	0.42	0.664	603	0.804	0.336	205	0.69
chr19_3	0.32	1	0.42	0.664	604	0.804	0.336	204	0.69
LOC643355	0.72	5	0.42	0.664	605	0.804	0.336	203	0.69
CCDC97	0.72	5	0.42	0.664	606	0.804	0.336	202	0.69
MGAT3	0.72	5	0.43	0.665	607	0.804	0.335	201	0.69
TRIM36	0.73	5	0.43	0.665	608	0.804	0.335	200	0.69
GCC2	0.73	5	0.43	0.666	609	0.804	0.334	199	0.69
GNG4	0.73	5	0.43	0.666	610	0.804	0.334	198	0.69
IL15RA	0.74	5	0.43	0.666	611	0.804	0.334	197	0.69
chr8_2	0.33	1	0.43	0.666	612	0.804	0.334	196	0.69
chr8_9	0.33	1	0.43	0.667	613	0.804	0.333	195	0.69
SPZ1	0.75	5	0.43	0.668	614	0.804	0.332	194	0.69
F10	0.75	5	0.43	0.668	615	0.804	0.332	193	0.69
ASTE1	0.75	5	0.43	0.668	616	0.804	0.332	192	0.69
MORN4	0.76	5	0.44	0.668	617	0.804	0.332	191	0.69
RNF43	0.76	5	0.44	0.668	618	0.804	0.332	190	0.69
chr18_9	0.34	1	0.44	0.669	619	0.804	0.331	189	0.69
COL14A1	0.76	5	0.44	0.669	620	0.804	0.331	188	0.69
LIPG	0.77	5	0.44	0.669	621	0.804	0.331	187	0.69
EYA1	0.78	5	0.44	0.67	622	0.804	0.33	186	0.69
DNAH3	0.78	5	0.44	0.671	623	0.804	0.329	185	0.69
chr7_6	0.35	1	0.44	0.671	624	0.804	0.329	184	0.69
TMPRSS12	0.79	5	0.44	0.671	625	0.804	0.329	183	0.69
PABPC4	0.79	5	0.44	0.672	626	0.804	0.328	182	0.69
SESN1	0.80	5	0.45	0.672	627	0.804	0.328	181	0.69
chr7_8	0.36	1	0.45	0.673	628	0.804	0.327	180	0.69
CPNE9	0.81	5	0.45	0.673	629	0.804	0.327	179	0.69
ALDH1A3	0.81	5	0.45	0.674	630	0.804	0.326	178	0.69
chr10_5	0.36	1	0.45	0.674	631	0.804	0.326	177	0.69
chr16_8	0.37	1	0.45	0.675	632	0.804	0.325	176	0.69
IGFLR1	0.84	5	0.46	0.676	633	0.804	0.324	175	0.69
LYPD8	0.84	5	0.46	0.676	634	0.804	0.324	174	0.69
chr14_9	0.38	1	0.46	0.677	635	0.804	0.323	173	0.69
GPR143	0.85	5	0.46	0.677	636	0.804	0.323	172	0.69
RGMA	0.85	5	0.46	0.677	637	0.804	0.323	171	0.69
TRPM5	0.86	5	0.46	0.678	638	0.804	0.322	170	0.69
chr1_10	0.38	1	0.46	0.678	639	0.804	0.322	169	0.69
PLCB2	0.87	5	0.46	0.679	640	0.804	0.321	168	0.69
ROBO2	0.88	5	0.47	0.68	641	0.804	0.32	167	0.69
SPTBN1	0.88	5	0.47	0.68	642	0.804	0.32	166	0.69
RAB2B	0.88	5	0.47	0.68	643	0.804	0.32	165	0.69
RIT1	0.91	5	0.48	0.683	644	0.804	0.317	164	0.69
XG	0.92	5	0.48	0.683	645	0.804	0.317	163	0.69
chr12_4	0.42	1	0.48	0.685	646	0.804	0.315	162	0.69
chr3_5	0.42	1	0.48	0.686	647	0.804	0.314	161	0.69
RYK	0.94	5	0.48	0.686	648	0.804	0.314	160	0.69
DXO	0.96	5	0.49	0.688	649	0.804	0.312	159	0.69
SHCBP1L	0.96	5	0.49	0.688	650	0.804	0.312	158	0.69
chr21_4	0.44	1	0.49	0.689	651	0.804	0.311	157	0.69
chr18_1	0.44	1	0.49	0.689	652	0.804	0.311	156	0.69
chr9_1	0.44	1	0.50	0.69	653	0.804	0.31	155	0.69
SATL1	1.00	5	0.50	0.691	654	0.804	0.309	154	0.69
CREB3L2	1.00	5	0.50	0.691	655	0.804	0.309	153	0.69
TSPAN6	1.00	5	0.50	0.691	656	0.804	0.309	152	0.69
NEU4	1.01	5	0.50	0.692	657	0.804	0.308	151	0.69
PCTP	1.02	5	0.50	0.693	658	0.804	0.307	150	0.69
chr1_8	0.46	1	0.51	0.694	659	0.804	0.306	149	0.69
C1QL4	1.03	5	0.51	0.694	660	0.804	0.306	148	0.69
DACT2	1.04	5	0.51	0.695	661	0.804	0.305	147	0.69
MANSC1	1.04	5	0.51	0.695	662	0.804	0.305	146	0.69
chr8_1	0.47	1	0.51	0.695	663	0.804	0.305	145	0.69
chr16_4	0.47	1	0.51	0.695	664	0.804	0.305	144	0.69
PHC3	1.05	5	0.51	0.696	665	0.804	0.304	143	0.69
HYPM	1.05	5	0.51	0.696	666	0.804	0.304	142	0.69
chrX_2	0.47	1	0.51	0.696	667	0.804	0.304	141	0.69
SPIN3	1.07	5	0.52	0.698	668	0.804	0.302	140	0.69
SERINC1	1.07	5	0.52	0.698	669	0.804	0.302	139	0.69
FOXP3	1.07	5	0.52	0.698	670	0.804	0.302	138	0.69
chr17_4	0.48	1	0.52	0.698	671	0.804	0.302	137	0.69
MLF1	1.08	5	0.52	0.699	672	0.804	0.301	136	0.69
SDR42E1	1.10	5	0.53	0.701	673	0.804	0.299	135	0.69
chr1_9	0.50	1	0.53	0.701	674	0.804	0.299	134	0.69
CAMK1D	1.11	5	0.53	0.701	675	0.804	0.299	133	0.69
TMEM159	1.11	5	0.53	0.702	676	0.804	0.298	132	0.69
TTLL2	1.12	5	0.53	0.702	677	0.804	0.298	131	0.69
LGR5	1.12	5	0.53	0.702	678	0.804	0.298	130	0.69
chr11_7	0.50	1	0.53	0.702	679	0.804	0.298	129	0.69
TRIM7	1.14	5	0.54	0.704	680	0.804	0.296	128	0.69
ASCL2	1.14	5	0.54	0.704	681	0.804	0.296	127	0.69
SLC38A4	1.14	5	0.54	0.704	682	0.804	0.296	126	0.69
chr12_10	0.52	1	0.54	0.707	683	0.804	0.293	125	0.69
MKL2	1.17	5	0.54	0.707	684	0.804	0.293	124	0.69
chr2_2	0.53	1	0.55	0.707	685	0.804	0.293	123	0.69
chr14_4	0.53	1	0.55	0.708	686	0.804	0.292	122	0.69
chr6_9	0.53	1	0.55	0.708	687	0.804	0.292	121	0.69
PNRC1	1.18	5	0.55	0.708	688	0.804	0.292	120	0.69
chr6_6	0.53	1	0.55	0.709	689	0.804	0.291	119	0.69
CAB39L	1.20	5	0.55	0.71	690	0.804	0.29	118	0.69
chr3_2	0.54	1	0.55	0.71	691	0.804	0.29	117	0.69
EVC	1.20	5	0.55	0.71	692	0.804	0.29	116	0.69
chr2_9	0.54	1	0.55	0.71	693	0.804	0.29	115	0.69
chr1_1	0.54	1	0.55	0.71	694	0.804	0.29	114	0.69
KLLN	1.21	5	0.55	0.71	695	0.804	0.29	113	0.69
chr16_3	0.55	1	0.56	0.712	696	0.804	0.288	112	0.69
VAV3	1.23	5	0.56	0.712	697	0.804	0.288	111	0.69
chr18_8	0.55	1	0.56	0.713	698	0.804	0.287	110	0.69
SLC50A1	1.24	5	0.56	0.713	699	0.804	0.287	109	0.69
BCL2L10	1.24	5	0.56	0.713	700	0.804	0.287	108	0.69
chr10_8	0.55	1	0.56	0.713	701	0.804	0.287	107	0.69
NEIL3	1.24	5	0.56	0.713	702	0.804	0.287	106	0.69
chr11_5	0.56	1	0.56	0.713	703	0.804	0.287	105	0.69
LY6G5C	1.24	5	0.56	0.714	704	0.804	0.286	104	0.69
chr13_3	0.56	1	0.57	0.714	705	0.804	0.286	103	0.69
SHROOM4	1.27	5	0.57	0.716	706	0.804	0.284	102	0.69
chr4_6	0.57	1	0.57	0.716	707	0.804	0.284	101	0.69
chr3_3	0.57	1	0.57	0.717	708	0.804	0.283	100	0.69
CYP4F8	1.29	5	0.58	0.717	709	0.804	0.283	99	0.69
APOL1	1.29	5	0.58	0.718	710	0.804	0.282	98	0.69
chr2_7	0.58	1	0.58	0.718	711	0.804	0.282	97	0.69
chr8_4	0.59	1	0.58	0.72	712	0.804	0.28	96	0.69
CRISPLD2	1.32	5	0.58	0.72	713	0.804	0.28	95	0.69
PKP1	1.33	5	0.59	0.721	714	0.804	0.279	94	0.69
ENTPD4	1.34	5	0.59	0.722	715	0.804	0.278	93	0.69
PRR21	1.34	5	0.59	0.722	716	0.804	0.278	92	0.69
chr1_11	0.61	1	0.59	0.724	717	0.804	0.276	91	0.69
HSFY1	1.36	5	0.59	0.724	718	0.804	0.276	90	0.69
MSH4	1.37	5	0.60	0.725	719	0.804	0.275	89	0.69
PLEKHN1	1.37	5	0.60	0.725	720	0.804	0.275	88	0.69
chr15_7	0.62	1	0.60	0.726	721	0.804	0.274	87	0.69
PRKG1	1.40	5	0.61	0.728	722	0.804	0.272	86	0.69
LMOD3	1.41	5	0.61	0.728	723	0.804	0.272	85	0.69
chr4_8	0.63	1	0.61	0.728	724	0.804	0.272	84	0.69
LRRN1	1.43	5	0.61	0.73	725	0.804	0.27	83	0.69
GGA2	1.43	5	0.61	0.73	726	0.804	0.27	82	0.69
NOS1	1.43	5	0.61	0.73	727	0.804	0.27	81	0.69
ACE2	1.45	5	0.62	0.732	728	0.804	0.268	80	0.69
NPAS2	1.46	5	0.62	0.733	729	0.804	0.267	79	0.69
HLA-DOB	1.47	5	0.62	0.733	730	0.804	0.267	78	0.69
SLC51B	1.48	5	0.63	0.735	731	0.804	0.265	77	0.69
OR52E6	1.48	5	0.63	0.735	732	0.804	0.265	76	0.69
chr21_6	0.66	1	0.63	0.735	733	0.804	0.265	75	0.69
PMS1	1.49	5	0.63	0.735	734	0.804	0.265	74	0.69
chr3_6	0.67	1	0.63	0.736	735	0.804	0.264	73	0.69
PMS2	1.50	5	0.63	0.736	736	0.804	0.264	72	0.69
POLH	1.50	5	0.63	0.736	737	0.804	0.264	71	0.69
chr20_9	0.68	1	0.64	0.737	738	0.804	0.263	70	0.69
TCF19	1.53	5	0.64	0.738	739	0.804	0.262	69	0.69
TGFBR2	1.53	5	0.64	0.738	740	0.804	0.262	68	0.69
chr9_6	0.68	1	0.64	0.739	741	0.804	0.261	67	0.69
LCE6A	1.53	5	0.64	0.739	742	0.804	0.261	66	0.69
TMEM236	1.58	5	0.65	0.743	743	0.805	0.257	65	0.69
chr18_6	0.71	1	0.66	0.744	744	0.805	0.256	64	0.69
HPGD	1.60	5	0.66	0.744	745	0.805	0.256	63	0.69
chr10_4	0.71	1	0.66	0.744	746	0.805	0.256	62	0.69
TCF20	1.62	5	0.66	0.747	747	0.805	0.253	61	0.69
chr11_10	0.73	1	0.67	0.747	748	0.805	0.253	60	0.69
FBLN2	1.63	5	0.67	0.747	749	0.805	0.253	59	0.69
FZD10	1.65	5	0.67	0.749	750	0.805	0.251	58	0.69
SWT1	1.65	5	0.67	0.749	751	0.805	0.251	57	0.69
chrX_1	0.75	1	0.68	0.75	752	0.805	0.25	56	0.69
NCKIPSD	1.67	5	0.68	0.751	753	0.805	0.249	55	0.69
chr9_9	0.75	1	0.68	0.752	754	0.805	0.248	54	0.69
ZDHHC1	1.70	5	0.68	0.753	755	0.805	0.247	53	0.69
MDM2	1.72	5	0.69	0.755	756	0.805	0.245	52	0.69
SLAMF1	1.72	5	0.69	0.755	757	0.805	0.245	51	0.69
UCN2	1.75	5	0.70	0.757	758	0.805	0.243	50	0.69
SYTL4	1.75	5	0.70	0.757	759	0.805	0.243	49	0.69
ARID3A	1.79	5	0.71	0.761	760	0.806	0.239	48	0.69
MFHAS1	1.79	5	0.71	0.761	761	0.806	0.239	47	0.69
ALS2CL	1.80	5	0.71	0.761	762	0.806	0.239	46	0.69
EYS	1.87	5	0.73	0.767	763	0.812	0.233	45	0.69
RNF220	1.90	5	0.74	0.77	764	0.813	0.23	44	0.69
LMO4	1.96	5	0.75	0.774	765	0.817	0.226	43	0.69
DENND6A	1.80	4	0.77	0.779	766	0.818	0.221	42	0.69
POLI	2.03	5	0.77	0.78	767	0.818	0.22	41	0.69
chr18_11	0.91	1	0.77	0.781	768	0.818	0.219	40	0.69
OGFOD1	2.05	5	0.78	0.781	769	0.818	0.219	39	0.69
OR8S1	2.06	5	0.78	0.782	770	0.818	0.218	38	0.69
TCF7	2.06	5	0.78	0.782	771	0.818	0.218	37	0.69
chr4_2	0.92	1	0.78	0.783	772	0.818	0.217	36	0.69
LIG1	2.09	5	0.79	0.784	773	0.819	0.216	35	0.69
AXIN2	2.27	5	0.84	0.799	774	0.832	0.201	34	0.69
ETV3L	2.29	5	0.84	0.8	775	0.832	0.2	33	0.69
SFMBT1	2.29	5	0.84	0.8	776	0.832	0.2	32	0.69
CH25H	2.32	5	0.85	0.802	777	0.833	0.198	31	0.69
RXFP4	2.36	5	0.86	0.805	778	0.835	0.195	30	0.69
CTSS	2.41	5	0.87	0.809	779	0.837	0.191	29	0.69
SMAD2	2.42	5	0.88	0.809	780	0.837	0.191	28	0.69
COL4A6	2.44	5	0.88	0.811	781	0.837	0.189	27	0.69
DSG4	2.45	5	0.88	0.811	782	0.837	0.189	26	0.69
PROX1	2.46	5	0.89	0.812	783	0.837	0.188	25	0.69
ERICH5	2.49	5	0.89	0.815	784	0.838	0.185	24	0.69
LFNG	2.62	5	0.93	0.823	785	0.845	0.177	23	0.69
GRP	2.62	5	0.93	0.823	786	0.845	0.177	22	0.69
LIMA1	2.69	5	0.95	0.828	787	0.849	0.172	21	0.69
KIAA1522	2.75	5	0.96	0.832	788	0.852	0.168	20	0.69
LYSMD3	2.78	5	0.97	0.834	789	0.852	0.166	19	0.69
C3orf67	2.78	5	0.97	0.834	790	0.852	0.166	18	0.69
PRRC2A	2.83	5	0.98	0.837	791	0.854	0.163	17	0.69
SS18	3.15	5	1.07	0.857	792	0.874	0.143	16	0.69
MEF2D	3.28	5	1.10	0.865	793	0.88	0.135	15	0.69
GNA11	3.37	5	1.13	0.87	794	0.884	0.13	14	0.69
KRT23	3.50	5	1.16	0.877	795	0.891	0.123	13	0.69
MAML1	3.58	5	1.18	0.882	796	0.894	0.118	12	0.69
SHROOM2	3.68	5	1.21	0.887	797	0.898	0.113	11	0.69
HSBP1	3.81	5	1.24	0.893	798	0.903	0.107	10	0.69
CANT1	4.10	5	1.32	0.907	799	0.916	0.0933	9	0.69
EIF4E2	4.51	5	1.43	0.923	800	0.931	0.0767	8	0.69
QKI	5.99	5	1.82	0.966	801	0.973	0.0344	7	0.69
HMGB3	6.08	5	1.84	0.967	802	0.973	0.0326	6	0.69
CDKN1A	7.91	5	2.33	0.99	803	0.995	0.00993	5	0.69
RSF1	8.24	5	2.41	0.992	804	0.996	0.00789	4	0.69
EP300	11.36	5	3.24	0.999	805	1	0.000598	3	0.161
ZKSCAN8	11.81	5	3.36	1	806	1	0.000389	2	0.157
MED12	31.71	5	8.62	1	807	1	3.23e-18	1	2.61e-15
